9.131951000000000374e-01,-4.119946999999999915e-01,4.617711000000000038e-02,-9.150635999999999493e-02,-1.749551000000000023e-01,2.022699000000000025e-01,1.469166000000000083e-01,-1.795239999999999891e-01,4.074407000000000029e-02
8.343736000000000486e-01,-3.821796000000000082e-01,2.002713000000000063e-02,-1.712264000000000008e-01,-1.452836999999999879e-01,1.775555000000000050e-01,3.177231999999999973e-02,-3.524205999999999728e-01,-8.394271999999999845e-02
7.737395999999999718e-01,-4.008091999999999766e-01,-6.536353999999999775e-02,-2.328137000000000123e-01,-1.639214999999999978e-01,9.355439000000000116e-02,2.141538000000000122e-02,-3.590731999999999813e-01,-6.172679999999999834e-02
7.493727999999999501e-01,-4.135581999999999869e-01,-1.034744999999999970e-01,-2.581722000000000183e-01,-1.765445999999999960e-01,5.677967999999999904e-02,1.085050999999999932e-01,-1.757771999999999946e-01,-7.680876000000000370e-02
8.094921000000000477e-01,-4.361020999999999925e-01,-1.452958000000000027e-01,-1.990654000000000035e-01,-1.988296999999999981e-01,1.623729000000000144e-02,2.169165999999999872e-01,-3.627166999999999891e-02,-1.593754000000000004e-01
7.217961000000000515e-01,-4.816116999999999759e-01,-1.476988999999999941e-01,-2.877782999999999869e-01,-2.439483000000000068e-01,1.505425999999999986e-02,4.855960999999999750e-01,5.905963999999999658e-02,-2.487304999999999933e-01
6.548652999999999835e-01,-4.392867999999999773e-01,-1.106623999999999941e-01,-3.557139000000000273e-01,-2.010996999999999924e-01,5.325176000000000215e-02,6.233030000000000515e-01,-1.868886000000000158e-02,-3.081690999999999736e-01
6.626281000000000532e-01,-4.050522999999999763e-01,-1.105137999999999954e-01,-3.489258000000000082e-01,-1.662089999999999956e-01,5.450160999999999895e-02,5.860383000000000120e-01,-1.151728999999999947e-01,-2.259830999999999923e-01
6.496804999999999941e-01,-3.839531999999999945e-01,-9.595874000000000070e-02,-3.627999000000000085e-01,-1.443229000000000040e-01,7.009669999999999790e-02,5.861210999999999505e-01,-5.958661999999999986e-02,-1.603131999999999890e-01
7.289833000000000007e-01,-3.425105999999999984e-01,-8.050345000000000417e-02,-2.843584000000000112e-01,-1.019661000000000040e-01,8.652920999999999530e-02,5.532890999999999782e-01,-6.903202999999999423e-02,-2.018433000000000033e-01
7.836144000000000442e-01,-3.488859000000000266e-01,-6.066271000000000163e-02,-2.305093000000000003e-01,-1.073054999999999981e-01,1.072821000000000052e-01,5.228258999999999546e-01,-2.795448999999999851e-02,-1.911287000000000125e-01
8.217868999999999868e-01,-3.101777000000000006e-01,-1.921681999999999904e-02,-1.930298000000000014e-01,-6.744572999999999541e-02,1.495721999999999885e-01,4.834548000000000179e-01,-6.681096999999999730e-02,-1.568015000000000103e-01
8.470868999999999760e-01,-2.747647999999999757e-01,-1.952906999999999907e-02,-1.683272000000000101e-01,-3.077299000000000007e-02,1.500324000000000102e-01,3.909118999999999788e-01,-1.643564000000000136e-01,-1.381749999999999923e-01
8.269786999999999555e-01,-2.935130000000000239e-01,-3.038483000000000156e-02,-1.889328000000000118e-01,-4.816143999999999981e-02,1.398728999999999945e-01,2.774979000000000195e-01,-5.703375000000000111e-02,-1.247499999999999998e-01
8.900493999999999906e-01,-3.269482000000000221e-01,-3.038360000000000019e-02,-1.262563999999999909e-01,-8.014554999999999596e-02,1.404903000000000124e-01,1.927492000000000094e-01,6.899913000000000574e-03,-1.494021000000000099e-01
9.203257000000000243e-01,-4.122651999999999983e-01,-2.981761999999999954e-02,-9.626983000000000068e-02,-1.639268999999999865e-01,1.415893000000000013e-01,2.080483999999999944e-01,1.011980999999999992e-01,-2.435756000000000032e-01
9.364390000000000214e-01,-4.428852999999999818e-01,-1.020432999999999930e-02,-8.034260999999999486e-02,-1.929308999999999885e-01,1.616497000000000073e-01,2.764906999999999782e-01,3.219810000000000172e-01,-4.667252000000000067e-01
9.529556000000000138e-01,-3.946539000000000019e-01,2.624664000000000164e-02,-6.391073999999999367e-02,-1.430048999999999904e-01,1.984586999999999879e-01,3.449645000000000072e-01,4.386437000000000253e-01,-6.931542000000000536e-01
8.928464000000000400e-01,-3.309180999999999928e-01,8.542727999999999433e-02,-1.240061999999999970e-01,-7.749817000000000511e-02,2.579041999999999724e-01,2.927467000000000263e-01,3.546246000000000120e-01,-7.308601999999999599e-01
9.082915000000000294e-01,-2.470837999999999923e-01,1.129819999999999991e-01,-1.084511999999999976e-01,8.178335000000000118e-03,2.856250000000000178e-01,1.790328999999999948e-01,5.885927999999999993e-02,-6.487190999999999930e-01
9.701284000000000018e-01,-2.404413999999999996e-01,6.953458999999999335e-02,-4.641042000000000084e-02,1.672618000000000021e-02,2.422382999999999897e-01,2.141434000000000115e-01,-2.564929000000000237e-01,-5.440504999999999924e-01
1.111742000000000008e+00,-3.415461000000000191e-01,-2.136731000000000047e-02,9.549731999999999665e-02,-8.241901999999999562e-02,1.512863000000000124e-01,3.115613999999999884e-01,-3.671052000000000204e-01,-3.988878000000000146e-01
1.305020999999999987e+00,-4.544544999999999835e-01,-1.429681999999999897e-01,2.891501000000000210e-01,-1.933207000000000120e-01,2.952294999999999919e-02,4.749496999999999747e-01,-2.271836000000000133e-01,-3.040996000000000254e-01
1.301052000000000097e+00,-4.988732000000000166e-01,-2.125131000000000103e-01,2.856200999999999879e-01,-2.356878000000000029e-01,-4.029280999999999835e-02,5.717735999999999930e-01,-1.928233000000000030e-01,-2.844196999999999975e-01
1.191205999999999987e+00,-4.665115000000000234e-01,-2.093424999999999869e-01,1.762587999999999933e-01,-2.012281999999999960e-01,-3.749340999999999785e-02,3.133064999999999878e-01,-4.535750000000000060e-01,-1.474773000000000056e-01
1.114835000000000020e+00,-4.594720999999999944e-01,-2.134408999999999890e-01,1.004011999999999960e-01,-1.920428000000000135e-01,-4.205356999999999845e-02,-6.550564999999999860e-02,-5.895521000000000233e-01,7.702016000000000417e-02
1.090241000000000016e+00,-5.315746000000000082e-01,-2.317471000000000114e-01,7.633985999999999550e-02,-2.619497000000000075e-01,-6.090190000000000187e-02,-3.177905999999999787e-01,-5.184636000000000244e-01,1.981014000000000108e-01
1.063339999999999952e+00,-6.169459999999999944e-01,-2.671896999999999744e-01,4.998243000000000130e-02,-3.450733000000000272e-01,-9.695700000000000152e-02,-4.066375999999999880e-01,-3.940268000000000104e-01,2.455875999999999892e-01
9.944429000000000185e-01,-6.602879000000000387e-01,-3.075306999999999902e-01,-1.836594000000000074e-02,-3.861094999999999944e-01,-1.379697000000000007e-01,-3.383459999999999801e-01,-2.441162000000000054e-01,2.302857000000000098e-01
1.011997999999999953e+00,-6.444176000000000348e-01,-3.011487999999999943e-01,-2.591381999999999713e-04,-3.678681999999999785e-01,-1.323068000000000022e-01,-2.954398999999999775e-01,-1.257313999999999932e-01,1.343646000000000007e-01
1.030734999999999957e+00,-6.044810999999999934e-01,-2.808011000000000257e-01,1.902970000000000009e-02,-3.254873999999999823e-01,-1.127135999999999971e-01,-2.401116000000000084e-01,-1.052691000000000043e-01,2.978540000000000007e-02
1.003395000000000037e+00,-5.354385000000000394e-01,-2.409245000000000136e-01,-7.759398000000000684e-03,-2.539217999999999753e-01,-7.361607000000000567e-02,-6.218623000000000206e-02,-2.348966000000000109e-01,-8.687113000000000473e-02
1.019401000000000002e+00,-4.118624000000000174e-01,-1.723983000000000043e-01,8.794750999999999957e-03,-1.277423000000000031e-01,-5.885000999999999947e-03,8.813841000000000037e-02,-3.256671999999999900e-01,-2.037863000000000036e-01
9.736129000000000033e-01,-3.752050000000000107e-01,-1.716711999999999960e-01,-3.644899000000000056e-02,-8.840389999999999360e-02,-5.963653000000000183e-03,1.538104999999999889e-01,-3.715911000000000075e-01,-3.034599000000000046e-01
9.035077000000000247e-01,-3.791153999999999913e-01,-1.969297999999999882e-01,-1.060138000000000053e-01,-8.956226000000000464e-02,-3.203464999999999785e-02,1.775042000000000009e-01,-3.958433000000000090e-01,-3.482097000000000109e-01
8.849639999999999729e-01,-2.790202999999999989e-01,-1.830292000000000030e-01,-1.240186999999999956e-01,1.334746000000000023e-02,-1.894952000000000095e-02,1.585439999999999905e-01,-3.243359000000000103e-01,-2.682318000000000202e-01
8.428455000000000252e-01,-2.348652999999999991e-01,-2.027291999999999983e-01,-1.655955000000000066e-01,6.036886999999999809e-02,-3.946427000000000268e-02,1.190386999999999973e-01,-2.948240999999999779e-01,-1.546201000000000103e-01
7.655454999999999899e-01,-2.369532000000000027e-01,-2.215264000000000122e-01,-2.423449000000000020e-01,6.118648000000000142e-02,-5.907159000000000021e-02,2.164562999999999904e-02,-1.565534000000000092e-01,-5.264884999999999704e-02
6.834841000000000388e-01,-2.343645000000000034e-01,-1.997062000000000004e-01,-3.238381000000000176e-01,6.670610999999999902e-02,-3.805280999999999941e-02,-1.076137999999999956e-01,-2.440596000000000085e-02,6.965790000000000350e-03
6.450616000000000128e-01,-2.918773000000000062e-01,-1.820218999999999865e-01,-3.616632000000000180e-01,1.213674000000000003e-02,-2.115741000000000149e-02,-1.168759999999999938e-01,-1.137154999999999971e-01,-8.565232000000000401e-02
6.370289000000000090e-01,-2.794907999999999837e-01,-1.661250999999999978e-01,-3.690559999999999952e-01,2.746824000000000141e-02,-6.034103000000000730e-03,-2.321252000000000038e-02,-2.240269000000000010e-01,-1.572205999999999881e-01
6.428120000000000500e-01,-2.525521000000000016e-01,-2.009216000000000057e-01,-3.625766000000000266e-01,5.734369999999999745e-02,-4.158654999999999990e-02,6.975444000000000089e-02,-3.441894999999999816e-01,-5.495843999999999729e-02
7.069197999999999871e-01,-2.686028999999999778e-01,-2.760768000000000111e-01,-2.977038000000000184e-01,4.421194999999999986e-02,-1.174777999999999933e-01,1.511601999999999946e-01,-2.585867000000000027e-01,3.350869000000000070e-02
7.955398000000000192e-01,-2.731669999999999932e-01,-2.814964999999999828e-01,-2.082405999999999979e-01,4.254010999999999904e-02,-1.236088999999999938e-01,1.956347999999999976e-01,-3.953863999999999990e-02,1.068819000000000019e-02
8.450938000000000061e-01,-3.326431000000000249e-01,-2.441344000000000014e-01,-1.577600999999999865e-01,-1.407845999999999924e-02,-8.692808999999999953e-02,2.644369999999999776e-01,-7.035534999999999706e-02,-4.610685999999999951e-02
8.485601999999999867e-01,-3.472396999999999845e-01,-2.173740000000000117e-01,-1.532824999999999882e-01,-2.585822000000000120e-02,-6.081386999999999904e-02,4.798346000000000000e-01,-1.467687000000000019e-01,-1.081189000000000039e-01
8.898671000000000220e-01,-2.996218999999999966e-01,-2.007257000000000069e-01,-1.108805000000000068e-01,2.453123999999999930e-02,-4.477355000000000224e-02,7.441219999999999501e-01,-1.855835000000000123e-01,-1.456801000000000068e-01
9.834500999999999937e-01,-2.226454999999999962e-01,-2.079679999999999862e-01,-1.612136000000000124e-02,1.042292999999999970e-01,-5.258365999999999735e-02,7.935436000000000156e-01,-1.603018999999999972e-01,-1.627634000000000025e-01
1.034253000000000089e+00,-6.957908000000000148e-02,-2.111302999999999930e-01,3.593256999999999701e-02,2.599596000000000129e-01,-5.627246999999999805e-02,5.523498999999999493e-01,-5.340062999999999754e-02,-2.107215000000000060e-01
1.080426000000000109e+00,2.695449999999999929e-02,-2.136839000000000099e-01,8.342309000000000530e-02,3.590866999999999809e-01,-5.930988999999999706e-02,2.287667999999999924e-01,-7.404744000000000603e-02,-2.075635000000000119e-01
1.141572999999999949e+00,4.612325999999999926e-02,-2.353313999999999961e-01,1.459419000000000133e-01,3.807613000000000247e-01,-8.139738000000000528e-02,1.212723999999999920e-02,-7.407792000000000543e-02,-9.799497000000000069e-02
1.165332000000000034e+00,-4.754628000000000326e-02,-2.730272000000000254e-01,1.711141999999999941e-01,2.894918000000000213e-01,-1.194873999999999936e-01,-8.824653000000000358e-02,3.619990000000000013e-02,2.310117000000000073e-02
1.201614999999999878e+00,-3.039376999999999773e-01,-3.481537000000000104e-01,2.088357999999999881e-01,3.538009999999999766e-02,-1.949590999999999963e-01,-1.561770000000000103e-01,2.742910000000000070e-01,6.344750000000000389e-02
1.243104999999999905e+00,-4.605833999999999762e-01,-3.887600999999999973e-01,2.517749000000000237e-01,-1.191117000000000009e-01,-2.358559000000000072e-01,-2.930122000000000004e-01,5.959786000000000250e-01,-5.559734999999999677e-02
1.226827000000000112e+00,-4.705697999999999825e-01,-3.314122999999999930e-01,2.369403999999999955e-01,-1.270660999999999874e-01,-1.787370000000000070e-01,-4.765468999999999955e-01,5.480287999999999826e-01,-2.581981999999999888e-01
1.230156999999999945e+00,-5.723116000000000314e-01,-2.776973999999999831e-01,2.416927000000000103e-01,-2.268885999999999958e-01,-1.251829999999999887e-01,-4.924235000000000140e-01,2.078589000000000131e-01,-3.348691999999999780e-01
1.330636000000000152e+00,-7.125194999999999723e-01,-2.960674999999999835e-01,3.435557000000000194e-01,-3.652770000000000183e-01,-1.436423000000000005e-01,-1.918171999999999933e-01,7.729099000000000386e-02,-1.471323999999999965e-01
1.389344000000000134e+00,-6.971760999999999653e-01,-3.670567000000000135e-01,4.035950999999999844e-01,-3.481970999999999816e-01,-2.146461000000000063e-01,1.378890000000000116e-01,2.752385999999999999e-01,2.657151999999999847e-01
1.255900000000000016e+00,-6.194857000000000280e-01,-4.350921999999999845e-01,2.714103999999999961e-01,-2.688348999999999878e-01,-2.826175000000000215e-01,1.087590999999999974e-01,5.952037999999999496e-01,6.116165999999999547e-01
1.050289999999999946e+00,-6.099959999999999827e-01,-3.927965999999999958e-01,6.697464999999999669e-02,-2.577220000000000066e-01,-2.401728999999999947e-01,-5.851444000000000090e-02,6.554999999999999716e-01,6.653774000000000077e-01
9.880767999999999773e-01,-6.082604999999999817e-01,-2.623321000000000125e-01,5.844323000000000226e-03,-2.543987999999999805e-01,-1.094688000000000050e-01,-4.866507999999999945e-02,5.521932000000000507e-01,4.642459999999999920e-01
1.026359999999999939e+00,-5.971710000000000074e-01,-1.371117000000000030e-01,4.511893000000000153e-02,-2.417456000000000049e-01,1.608300000000000007e-02,-1.255506999999999977e-02,5.004167999999999950e-01,2.284181999999999879e-01
1.015144999999999964e+00,-5.357174999999999576e-01,-5.378577999999999831e-02,3.480707999999999719e-02,-1.787424999999999986e-01,9.982734999999999526e-02,4.425877999999999757e-02,2.977969999999999784e-01,1.494136000000000075e-01
1.012475000000000014e+00,-4.258380999999999972e-01,-8.800842000000000387e-02,3.295258999999999688e-02,-6.732064999999999577e-02,6.610062999999999356e-02,1.359609999999999985e-01,9.895473000000000463e-02,1.382490000000000108e-01
1.027838000000000029e+00,-3.919991999999999921e-01,-1.420701000000000047e-01,4.904718999999999746e-02,-3.194356999999999752e-02,1.260204000000000012e-02,9.964091999999999394e-02,7.065135000000000165e-02,1.486956999999999862e-01
9.667947000000000068e-01,-3.946237000000000217e-01,-1.261762999999999912e-01,-1.134746000000000019e-02,-3.303484000000000281e-02,2.911731999999999862e-02,6.095006000000000035e-02,1.023256000000000027e-01,1.794202000000000019e-01
8.496122999999999870e-01,-3.841157000000000044e-01,-1.601335999999999871e-01,-1.279589999999999894e-01,-2.100056999999999965e-02,-4.167373000000000258e-03,6.514411999999999980e-02,1.533170000000000088e-01,1.626435999999999993e-01
7.133123000000000102e-01,-3.772757999999999945e-01,-1.551203999999999916e-01,-2.637580999999999953e-01,-1.264376000000000042e-02,1.563616000000000094e-03,7.871680000000000343e-02,1.327330999999999928e-01,1.648243000000000069e-01
6.265905000000000502e-01,-3.505248000000000252e-01,-1.027249999999999969e-01,-3.500352999999999937e-01,1.561227999999999921e-02,5.471621000000000123e-02,2.111799000000000037e-01,1.622113000000000027e-01,1.668190999999999979e-01
6.058885999999999994e-01,-3.332366999999999968e-01,-1.209659000000000012e-01,-3.703310000000000213e-01,3.438999999999999696e-02,3.726557999999999954e-02,3.540091000000000210e-01,2.769565999999999972e-01,1.744094999999999951e-01
5.859486000000000416e-01,-3.268718999999999930e-01,-9.969603999999999966e-02,-3.898832999999999882e-01,4.222490999999999745e-02,5.935209999999999791e-02,4.045239999999999947e-01,3.437888000000000055e-01,1.939469000000000054e-01
5.856090000000000462e-01,-2.921648000000000023e-01,-5.382846000000000158e-02,-3.898340000000000138e-01,7.837784000000000417e-02,1.060557000000000027e-01,3.769327000000000094e-01,3.827340000000000186e-01,9.235814000000000523e-02
5.891218999999999761e-01,-2.129394000000000009e-01,-1.595808999999999899e-03,-3.859119999999999773e-01,1.590191999999999994e-01,1.591355000000000131e-01,3.065015999999999852e-01,3.519897000000000165e-01,-3.148928000000000144e-02
5.986886999999999626e-01,-1.676582000000000072e-01,4.470005999999999979e-02,-3.758987999999999774e-01,2.056783000000000083e-01,2.062797000000000103e-01,2.040826000000000029e-01,2.789020999999999861e-01,-4.150969000000000186e-02
6.893213000000000257e-01,-2.056051999999999880e-01,-4.862924999999999713e-03,-2.847671999999999981e-01,1.690618000000000121e-01,1.575551000000000035e-01,-1.498347999999999824e-03,1.479939000000000116e-01,-9.803707999999999954e-04
7.937705999999999928e-01,-2.287315000000000043e-01,-1.364056999999999943e-02,-1.797549999999999981e-01,1.472090000000000065e-01,1.495952000000000115e-01,-2.188798999999999884e-01,4.129676000000000180e-02,8.179716999999999327e-04
8.160952999999999680e-01,-2.541018999999999917e-01,1.808734999999999857e-02,-1.567974000000000034e-01,1.230475000000000041e-01,1.821110999999999980e-01,-3.345590999999999982e-01,8.519060000000000521e-02,-6.615287000000000250e-02
8.675650999999999780e-01,-3.241176000000000057e-01,3.571537999999999796e-02,-1.046223000000000014e-01,5.417091000000000267e-02,2.004884999999999862e-01,-2.889946999999999933e-01,1.110750999999999961e-01,-2.328952999999999995e-01
1.001036000000000037e+00,-3.719419999999999948e-01,9.304284000000000165e-02,2.962541000000000133e-02,7.413209999999999938e-03,2.585176000000000140e-01,-1.366848999999999981e-01,1.879965000000000108e-01,-5.147395000000000165e-01
1.026524999999999910e+00,-3.673338999999999910e-01,8.732977999999999574e-02,5.595652000000000265e-02,1.301587000000000056e-02,2.534482000000000124e-01,-1.011289999999999967e-01,2.651923999999999948e-01,-6.616819000000000450e-01
1.018737999999999921e+00,-3.415538000000000185e-01,5.808106999999999853e-02,4.906971000000000249e-02,3.972010000000000124e-02,2.247751000000000055e-01,-1.952103000000000033e-01,1.639883000000000035e-01,-5.523658999999999653e-01
1.175463999999999842e+00,-3.562752000000000141e-01,5.048031000000000046e-02,2.067429000000000072e-01,2.585356999999999933e-02,2.176726999999999967e-01,-2.782036999999999982e-01,2.290290000000000034e-02,-3.877570000000000183e-01
1.277644000000000002e+00,-3.860077000000000091e-01,-1.057389000000000072e-02,3.099039000000000099e-01,-3.091973000000000030e-03,1.570328000000000002e-01,-1.327512000000000136e-01,-2.037956999999999963e-01,-1.512728000000000128e-01
1.283070000000000155e+00,-4.748414000000000246e-01,-8.120610000000000328e-02,3.163281000000000009e-01,-9.120380999999999627e-02,8.672655999999999421e-02,2.341450999999999949e-01,-3.631562999999999874e-01,6.781426000000000121e-02
1.397570999999999897e+00,-6.387300999999999673e-01,-1.535413999999999946e-01,4.318234000000000239e-01,-2.544297999999999838e-01,1.462815999999999943e-02,5.041385999999999923e-01,-3.176113999999999882e-01,2.819959999999999828e-02
1.437111000000000027e+00,-6.206220999999999544e-01,-1.853930000000000022e-01,4.723312000000000066e-01,-2.357074999999999865e-01,-1.707277000000000100e-02,4.727015999999999996e-01,-4.119612000000000274e-01,-3.289174000000000264e-02
1.222845999999999878e+00,-4.195537999999999768e-01,-1.971872000000000069e-01,2.589876999999999874e-01,-3.406127999999999934e-02,-2.879682000000000075e-02,-1.420990000000000031e-01,-6.868313999999999808e-01,6.803167999999999715e-02
9.702093000000000522e-01,-3.440424000000000260e-01,-3.127210000000000267e-01,7.207881000000000184e-03,4.199943999999999900e-02,-1.443337000000000092e-01,-8.833642000000000438e-01,-8.430355000000000487e-01,2.332047999999999899e-01
9.215754999999999919e-01,-5.470699999999999452e-01,-3.875856999999999775e-01,-4.063813000000000147e-02,-1.605044999999999944e-01,-2.192645000000000011e-01,-7.939496999999999804e-01,-5.861115000000000075e-01,4.693687000000000276e-01
9.969797000000000242e-01,-8.109602000000000199e-01,-3.486191000000000151e-01,3.548612000000000294e-02,-4.238909000000000149e-01,-1.804138999999999882e-01,-3.121552000000000215e-01,-1.224013999999999935e-01,4.936401999999999735e-01
1.012280999999999986e+00,-7.747650000000000370e-01,-3.318578999999999835e-01,5.144279000000000213e-02,-3.871985000000000010e-01,-1.638048000000000004e-01,-9.859576999999999924e-02,-3.772178000000000336e-02,2.536529000000000145e-01
1.021001000000000047e+00,-6.492375000000000229e-01,-3.026425999999999839e-01,6.075321000000000193e-02,-2.611625000000000196e-01,-1.347658999999999940e-01,7.981835999999999098e-03,-1.449957000000000051e-01,9.916036000000000294e-02
1.041787000000000019e+00,-6.133826999999999474e-01,-2.727605000000000168e-01,8.206642999999999577e-02,-2.247735999999999901e-01,-1.050745000000000012e-01,-2.888972000000000068e-02,-1.501527000000000001e-01,-7.675358000000000180e-02
1.004662999999999862e+00,-4.327018000000000253e-01,-2.639829000000000203e-01,4.540560999999999903e-02,-4.352403999999999995e-02,-9.649414000000000602e-02,-6.260809999999999986e-02,-2.552619999999999889e-01,-2.195483000000000018e-01
9.447552000000000172e-01,-3.321419999999999928e-01,-2.137953999999999966e-01,-1.410226000000000014e-02,5.764137999999999901e-02,-4.650429999999999842e-02,3.090415999999999996e-02,-3.035174999999999956e-01,-2.268747000000000125e-01
8.418563999999999492e-01,-3.365160999999999847e-01,-1.903991999999999907e-01,-1.166616000000000042e-01,5.390640000000000015e-02,-2.330192999999999848e-02,1.075751999999999915e-03,-2.626293000000000100e-01,-2.845639999999999836e-01
7.253479000000000454e-01,-2.212723000000000051e-01,-1.848250999999999922e-01,-2.328839000000000048e-01,1.698156000000000110e-01,-1.791554999999999884e-02,-1.418280000000000061e-02,-2.855020999999999809e-01,-2.003288000000000013e-01
6.641799999999999926e-01,-2.002382000000000051e-01,-1.839698999999999918e-01,-2.938066999999999762e-01,1.915316999999999992e-01,-1.724059000000000008e-02,-4.311494999999999911e-02,-2.107568999999999970e-01,-6.433516000000000234e-02
6.047485000000000221e-01,-2.001010000000000011e-01,-2.131622999999999990e-01,-3.530189000000000243e-01,1.923558999999999963e-01,-4.660476999999999675e-02,-2.309894000000000114e-01,-1.437228999999999868e-01,-4.853874999999999856e-02
5.815886000000000111e-01,-1.629277000000000086e-01,-2.006893999999999900e-01,-3.759676000000000129e-01,2.302088999999999941e-01,-3.429383999999999905e-02,-3.408498999999999834e-01,-1.724162999999999946e-01,-7.465925999999999466e-03
6.054505999999999499e-01,-2.439693000000000001e-01,-1.951533000000000018e-01,-3.518839999999999746e-01,1.498280999999999918e-01,-2.890805999999999931e-02,-3.848128000000000104e-01,-1.809378000000000097e-01,-4.894462000000000118e-02
6.107814999999999772e-01,-3.187191999999999803e-01,-2.079773000000000038e-01,-3.463041000000000036e-01,7.571042999999999523e-02,-4.186963999999999964e-02,-2.944982999999999906e-01,-1.929421000000000053e-01,-8.410038000000000236e-02
6.641401999999999584e-01,-3.737603999999999926e-01,-2.073563999999999963e-01,-2.926537000000000166e-01,2.126733000000000096e-02,-4.137206999999999690e-02,-2.189694999999999836e-02,-1.521419999999999995e-01,-4.584130000000000149e-02
7.523444000000000242e-01,-3.862984999999999891e-01,-2.378395000000000092e-01,-2.041031000000000095e-01,9.291145000000000653e-03,-7.196273000000000253e-02,2.175555000000000128e-01,-8.996036000000000310e-02,-3.363458999999999893e-02
7.997722000000000442e-01,-3.430172000000000221e-01,-2.454807999999999990e-01,-1.562662999999999969e-01,5.309772000000000103e-02,-7.969381999999999855e-02,4.512131999999999810e-01,-8.307691999999999855e-02,1.769756000000000107e-02
8.224236000000000324e-01,-3.314587999999999979e-01,-2.379595999999999933e-01,-1.331391000000000102e-01,6.514443000000000317e-02,-7.224184999999999635e-02,5.760650999999999966e-01,-9.787730999999999515e-02,1.390377999999999926e-02
8.558445999999999554e-01,-2.632167000000000256e-01,-2.424026999999999987e-01,-9.917418000000000067e-02,1.338358000000000048e-01,-7.673101000000000227e-02,5.607746999999999593e-01,-1.139648999999999940e-01,-3.983787999999999913e-02
9.759453999999999629e-01,-1.481165999999999872e-01,-2.271384999999999932e-01,2.153750999999999929e-02,2.493420000000000081e-01,-6.148769999999999930e-02,4.527170999999999834e-01,-1.101718000000000003e-01,-1.215526999999999996e-01
1.117804000000000020e+00,-6.887274999999999647e-02,-2.319560999999999984e-01,1.640691999999999984e-01,3.289408999999999805e-01,-6.629893000000000591e-02,1.643613999999999908e-01,-1.488009999999999888e-01,-2.780914999999999915e-01
1.159564999999999957e+00,-1.241321999999999981e-01,-2.591999999999999860e-01,2.065532999999999952e-01,2.739744000000000068e-01,-9.350777999999999868e-02,-1.366414999999999893e-04,-1.694000999999999979e-01,-3.293564999999999965e-01
1.211757999999999891e+00,-3.333132999999999790e-01,-3.056669000000000191e-01,2.595069999999999877e-01,6.501394000000000617e-02,-1.399086999999999970e-01,6.105544999999999722e-02,1.961398000000000048e-03,-2.614188000000000067e-01
1.285152000000000072e+00,-4.976026000000000060e-01,-3.570205000000000184e-01,3.336809000000000025e-01,-9.913028000000000117e-02,-1.911616999999999900e-01,1.259587000000000068e-01,3.139182999999999835e-01,-2.082911000000000068e-01
1.241670999999999969e+00,-5.636328999999999922e-01,-3.717976000000000059e-01,2.909818000000000127e-01,-1.650860000000000105e-01,-2.057980000000000087e-01,1.526211000000000095e-01,5.346478000000000064e-01,-1.840917999999999999e-01
1.223078000000000110e+00,-6.076945000000000263e-01,-3.770100000000000118e-01,2.731529999999999792e-01,-2.091324999999999990e-01,-2.108228000000000046e-01,7.955297000000000063e-02,5.401407000000000291e-01,-1.780837000000000114e-01
1.344586999999999977e+00,-7.000231000000000092e-01,-3.670437999999999756e-01,3.953941999999999735e-01,-3.014915000000000234e-01,-2.006153999999999993e-01,2.555740999999999916e-02,4.862196999999999769e-01,-1.626992999999999912e-01
1.399232999999999949e+00,-7.714849000000000290e-01,-3.394908999999999843e-01,4.507216000000000000e-01,-3.730124000000000217e-01,-1.727617999999999931e-01,1.926817999999999864e-01,4.840905999999999820e-01,-1.120233000000000062e-01
1.275447999999999915e+00,-7.202418999999999905e-01,-3.041960000000000219e-01,3.275496999999999992e-01,-3.218385000000000273e-01,-1.371025999999999911e-01,4.588510000000000089e-01,4.761652000000000107e-01,-3.688882999999999746e-02
1.066618999999999984e+00,-6.661078000000000277e-01,-2.099341000000000124e-01,1.192486999999999991e-01,-2.677653999999999868e-01,-4.241071999999999897e-02,6.037215999999999694e-01,4.598325999999999802e-01,7.278041000000000371e-02
9.542264999999999775e-01,-5.516742000000000035e-01,-1.088047999999999932e-01,7.294651999999999560e-03,-1.533704999999999929e-01,5.921252999999999933e-02,6.109845999999999888e-01,4.368302000000000018e-01,1.680439999999999989e-01
1.000377000000000072e+00,-3.414506999999999959e-01,-7.421358000000000121e-02,5.379292000000000101e-02,5.684522000000000186e-02,9.435557999999999446e-02,4.602093999999999907e-01,3.762038999999999800e-01,1.092429000000000039e-01
1.011006999999999989e+00,-2.227992000000000028e-01,-4.530076999999999715e-02,6.468324999999999769e-02,1.755200000000000093e-01,1.238689000000000040e-01,1.162260999999999989e-01,1.732870999999999995e-01,5.633964999999999806e-02
9.739541000000000448e-01,-2.156048999999999882e-01,-4.104150000000000159e-02,2.780724999999999864e-02,1.827614999999999934e-01,1.287667000000000117e-01,-1.771677999999999864e-01,-9.587004999999999832e-02,1.922666000000000097e-01
9.887120000000000353e-01,-2.962192000000000158e-01,-1.175223999999999991e-01,4.266095999999999777e-02,1.022085999999999967e-01,5.295202999999999716e-02,-3.147855999999999987e-01,-8.577516999999999781e-02,2.720279999999999920e-01
9.702703999999999773e-01,-3.687635000000000218e-01,-1.738773000000000124e-01,2.423805000000000057e-02,2.973181000000000088e-02,-2.717020000000000112e-03,-4.087419999999999942e-01,9.662771000000000554e-02,2.318237999999999965e-01
9.133944000000000507e-01,-3.571023999999999865e-01,-1.609971000000000041e-01,-3.269210000000000171e-02,4.146201000000000053e-02,1.086337000000000066e-02,-4.211728000000000138e-01,1.223071000000000019e-01,2.393506999999999996e-01
8.286527000000000198e-01,-3.678277999999999825e-01,-1.521324000000000010e-01,-1.175546999999999981e-01,3.080474000000000059e-02,2.043905999999999848e-02,-3.693358999999999948e-01,1.375201000000000062e-01,2.875759999999999983e-01
7.129326999999999748e-01,-4.008912000000000031e-01,-1.597272999999999887e-01,-2.334529999999999939e-01,-2.193337000000000064e-03,1.356257999999999943e-02,-2.849453000000000125e-01,2.208195000000000019e-01,3.183165000000000022e-01
6.882283999999999624e-01,-4.013355000000000117e-01,-1.338534000000000113e-01,-2.583793999999999813e-01,-2.575698999999999871e-03,4.015888000000000096e-02,-1.470400000000000040e-01,2.862931000000000226e-01,2.704000999999999766e-01
