-2.346714999999999912e-02,8.426219000000000348e-01,5.875761999999999929e-01,-1.402843999999999966e-02,5.666351000000000027e-02,-6.027836000000000305e-02,-3.074307000000000081e-02,-2.118907999999999903e-02,-1.764013000000000039e-02
-2.288294999999999912e-02,8.376913000000000276e-01,5.839769999999999683e-01,-1.341319000000000018e-02,5.074934999999999863e-02,-6.278683999999999654e-02,-2.945584000000000049e-02,-2.066209000000000101e-02,-8.988588000000000480e-03
-2.327190000000000161e-02,8.334928000000000337e-01,5.851783999999999875e-01,-1.376437999999999967e-02,4.556621999999999756e-02,-6.049477999999999800e-02,-2.775675999999999838e-02,-1.261713000000000071e-02,-2.372041000000000080e-03
-2.185557999999999945e-02,8.256626999999999716e-01,5.927561999999999554e-01,-1.230346000000000044e-02,3.675072000000000061e-02,-5.182629999999999876e-02,-3.899936999999999848e-02,-1.585510000000000044e-03,-4.855158000000000043e-03
-2.143250999999999837e-02,8.200433999999999779e-01,5.950491999999999448e-01,-1.182891999999999971e-02,3.014576999999999882e-02,-4.844282999999999922e-02,-4.709921000000000246e-02,-1.635320999999999997e-02,-6.381173999999999874e-03
-2.054829999999999851e-02,8.162247000000000252e-01,5.968223000000000278e-01,-1.088637999999999932e-02,2.534238999999999936e-02,-4.557963999999999766e-02,-4.888267999999999780e-02,-2.908105999999999886e-02,-2.830529000000000031e-03
-1.584997000000000142e-02,8.104432000000000302e-01,6.010529000000000011e-01,-6.122948000000000453e-03,1.857819000000000137e-02,-4.025998000000000077e-02,-4.586109000000000019e-02,-1.183968999999999994e-02,4.216762000000000201e-04
-1.489496000000000049e-02,8.125506999999999591e-01,6.040898999999999575e-01,-5.096302000000000471e-03,1.970635000000000095e-02,-3.613556999999999880e-02,-4.043406000000000083e-02,4.739812000000000365e-03,1.896078999999999950e-03
-2.020413000000000070e-02,8.181140000000000079e-01,6.117145999999999972e-01,-1.032761999999999916e-02,2.429515999999999967e-02,-2.742614000000000163e-02,-3.227073999999999915e-02,4.115007999999999860e-03,6.699370999999999972e-03
-2.639402000000000068e-02,8.212658000000000458e-01,6.172391999999999879e-01,-1.643365999999999924e-02,2.647837999999999928e-02,-2.082051000000000041e-02,-1.187841000000000070e-02,-5.263915000000000087e-03,1.061070000000000069e-02
-2.889950000000000158e-02,8.252486999999999462e-01,6.158099999999999685e-01,-1.884929000000000118e-02,2.949952999999999950e-02,-2.117381999999999945e-02,1.257284000000000006e-02,-2.196860999999999953e-02,1.549482999999999937e-02
-2.418839999999999879e-02,8.255943000000000032e-01,6.125850999999999935e-01,-1.404217999999999959e-02,2.889096999999999846e-02,-2.332949000000000134e-02,2.830869999999999914e-02,-3.591520000000000129e-02,2.546690000000000065e-02
-1.692752000000000145e-02,8.240566000000000280e-01,6.079655999999999949e-01,-6.679044999999999774e-03,2.640738000000000113e-02,-2.688756999999999953e-02,2.609324000000000018e-02,-3.719540000000000346e-02,2.846873000000000112e-02
-9.328407999999999839e-03,8.226514000000000326e-01,5.969429000000000540e-01,1.028339999999999983e-03,2.406493999999999994e-02,-3.685763000000000233e-02,2.317592000000000263e-03,-3.454987000000000336e-02,2.119416999999999829e-02
-2.980842000000000040e-03,8.164529999999999843e-01,5.853620000000000489e-01,7.489616000000000155e-03,1.693880000000000038e-02,-4.739528999999999964e-02,-2.624465000000000131e-02,-1.319198000000000072e-02,5.872606999999999307e-03
-5.535229000000000017e-03,8.099610000000000420e-01,5.884095000000000297e-01,5.053517000000000425e-03,9.529188000000000935e-03,-4.331414000000000097e-02,-4.827213999999999811e-02,3.293284999999999962e-02,-9.902724999999999375e-03
-1.063913000000000011e-02,8.094721999999999751e-01,5.919843000000000188e-01,7.157596999999999159e-05,8.134160999999999128e-03,-3.871499999999999941e-02,-5.271210999999999952e-02,4.808476999999999890e-02,-1.005106000000000055e-02
-1.302846000000000039e-02,8.135042999999999580e-01,5.887757000000000129e-01,-2.192854000000000157e-03,1.127238000000000025e-02,-4.090857999999999994e-02,-2.801369000000000081e-02,2.553619999999999848e-02,-7.147441999999999511e-03
-1.666455999999999840e-02,8.184639000000000220e-01,5.925991000000000453e-01,-5.701626999999999910e-03,1.535158000000000009e-02,-3.607959000000000166e-02,2.217677999999999837e-03,6.697151000000000146e-03,-1.526927999999999966e-02
-1.547365000000000025e-02,8.244962000000000124e-01,5.985150999999999666e-01,-4.381305999999999742e-03,2.051767999999999995e-02,-2.916753000000000054e-02,9.825806999999998903e-03,-5.271470000000000322e-03,-1.580811000000000022e-02
-1.214475999999999924e-02,8.320144000000000428e-01,6.044450999999999574e-01,-9.212202000000000064e-04,2.718421000000000032e-02,-2.225148000000000056e-02,1.038238000000000008e-02,1.561458999999999937e-02,-1.093628999999999955e-02
-1.451875000000000041e-02,8.330332000000000292e-01,6.044570000000000221e-01,-3.162544000000000206e-03,2.736602999999999952e-02,-2.126393000000000033e-02,2.544696000000000111e-02,4.867446999999999746e-02,-9.841189000000000187e-03
-2.059232000000000076e-02,8.311505999999999617e-01,5.993954999999999700e-01,-9.102290000000000728e-03,2.466093000000000104e-02,-2.536100000000000160e-02,3.859130999999999673e-02,2.575271999999999978e-02,1.719075000000000030e-03
-2.905372000000000163e-02,8.360832999999999737e-01,6.022058000000000133e-01,-1.742880000000000124e-02,2.878549999999999859e-02,-2.159820000000000143e-02,4.764141000000000209e-02,-2.023123999999999843e-03,1.073079000000000047e-02
-2.989692999999999865e-02,8.357698000000000071e-01,6.022461999999999538e-01,-1.813584000000000029e-02,2.767794000000000157e-02,-2.061769000000000102e-02,5.988518999999999787e-02,-3.731389000000000320e-03,1.081072999999999930e-02
-2.581452999999999873e-02,8.298465999999999898e-01,6.018818000000000223e-01,-1.391563999999999995e-02,2.097463000000000105e-02,-2.005505000000000135e-02,5.732328999999999897e-02,-2.487682000000000088e-02,1.097540999999999968e-02
-3.042138000000000134e-02,8.245042999999999678e-01,6.059860999999999720e-01,-1.838269000000000014e-02,1.486602000000000062e-02,-1.503716000000000080e-02,5.292209999999999970e-02,-4.447514999999999802e-02,6.492184999999999710e-04
-3.088588000000000097e-02,8.153184999999999460e-01,6.010634999999999728e-01,-1.870505999999999905e-02,4.927917000000000408e-03,-1.906042999999999973e-02,5.194777999999999896e-02,-5.642649000000000276e-02,-6.494089000000000632e-03
-2.382333999999999841e-02,8.195103000000000248e-01,5.892964000000000535e-01,-1.149773999999999935e-02,8.381876999999999384e-03,-2.994271999999999906e-02,3.701630000000000198e-02,-4.627044000000000296e-02,-4.343669000000000523e-03
-1.769783000000000120e-02,8.328242999999999618e-01,5.757128000000000245e-01,-5.224645999999999457e-03,2.097295999999999883e-02,-4.265620999999999996e-02,2.819657000000000066e-02,2.647711999999999982e-03,2.072467000000000146e-03
-1.442640000000000068e-02,8.339973999999999998e-01,5.729870000000000241e-01,-1.802975000000000064e-03,2.143830000000000041e-02,-4.452600999999999781e-02,3.039385000000000003e-02,1.761276000000000161e-02,1.856332999999999941e-02
-2.349162999999999946e-02,8.347655000000000491e-01,5.811492999999999798e-01,-1.071564000000000023e-02,2.151346999999999982e-02,-3.552107999999999655e-02,3.367463999999999874e-02,-6.963161999999999303e-03,2.613582000000000058e-02
-3.153556999999999888e-02,8.386622000000000243e-01,5.797978000000000298e-01,-1.860488000000000072e-02,2.473192999999999919e-02,-3.604265999999999720e-02,3.803370999999999835e-02,-3.304212000000000121e-02,2.603263000000000105e-02
-2.567238999999999979e-02,8.429929000000000450e-01,5.795061999999999713e-01,-1.258478000000000027e-02,2.839852000000000001e-02,-3.551634000000000041e-02,3.106847999999999901e-02,-4.632308999999999732e-02,2.790163000000000018e-02
-1.829715999999999981e-02,8.465937000000000046e-01,5.805476000000000525e-01,-5.050297999999999940e-03,3.134892999999999708e-02,-3.366857999999999657e-02,2.126644999999999924e-02,-5.896578000000000409e-03,2.528955999999999912e-02
-1.202596000000000047e-02,8.463142999999999638e-01,5.734610999999999459e-01,1.382322000000000065e-03,3.043192000000000119e-02,-3.995996000000000270e-02,1.614956000000000030e-02,4.432739000000000124e-02,2.334427999999999850e-02
-1.142115999999999965e-02,8.499539000000000399e-01,5.767202999999999635e-01,2.150273999999999762e-03,3.344603000000000159e-02,-3.591632000000000158e-02,7.615261999999999596e-04,4.224880999999999776e-02,1.599296000000000051e-02
-1.803226999999999955e-02,8.481140999999999819e-01,5.844975000000000032e-01,-4.296552000000000357e-03,3.099212000000000147e-02,-2.736469999999999875e-02,-1.557829999999999979e-02,9.966875000000000040e-03,9.895598999999999715e-03
-2.164525000000000129e-02,8.436394999999999866e-01,5.873751999999999862e-01,-7.744563000000000315e-03,2.591382999999999881e-02,-2.372261000000000161e-02,-2.045825000000000074e-02,-2.412923000000000151e-02,1.664708000000000160e-02
-2.188234999999999833e-02,8.445994000000000002e-01,5.880744999999999445e-01,-7.816227999999999718e-03,2.628010000000000068e-02,-2.226867000000000082e-02,-2.600020000000000109e-02,-3.643495000000000067e-02,1.991638000000000089e-02
-1.735729999999999912e-02,8.406776000000000248e-01,5.751344000000000456e-01,-3.125432999999999944e-03,2.177418000000000062e-02,-3.446425000000000183e-02,-3.338274000000000102e-02,-1.480534000000000017e-02,1.083720999999999990e-02
-9.694925000000000070e-03,8.437071999999999905e-01,5.632363999999999704e-01,4.702762000000000088e-03,2.422873999999999861e-02,-4.562738000000000210e-02,-3.596114000000000255e-02,2.183511999999999953e-02,-4.866030000000000030e-04
-8.659336000000000116e-03,8.480162999999999451e-01,5.701808000000000431e-01,5.903769000000000551e-03,2.797173000000000020e-02,-3.795712999999999865e-02,-3.835112000000000243e-02,3.880949000000000204e-02,-4.472452000000000025e-03
-1.166163999999999916e-02,8.425903000000000143e-01,5.816964999999999497e-01,3.065854000000000235e-03,2.198792999999999928e-02,-2.572415000000000118e-02,-3.832288999999999835e-02,2.875273999999999885e-02,-7.525955999999999445e-03
-1.328391999999999941e-02,8.417708000000000412e-01,5.910777000000000392e-01,1.606328999999999873e-03,2.061885999999999927e-02,-1.563372000000000026e-02,-3.281792000000000042e-02,1.896627000000000035e-02,-8.979416999999999954e-03
-1.593804999999999875e-02,8.398613999999999802e-01,5.975260999999999489e-01,-8.871102000000000501e-04,1.816765999999999867e-02,-8.484530000000000544e-03,-2.180353000000000152e-02,1.897452999999999987e-02,-5.301585000000000152e-03
-1.952117999999999909e-02,8.320100000000000273e-01,5.950539000000000245e-01,-4.311915999999999839e-03,9.782359000000000887e-03,-1.026491000000000035e-02,-4.711548000000000298e-03,7.827796999999999186e-03,-7.232121999999999683e-03
-2.249773999999999871e-02,8.239003999999999772e-01,5.943123999999999629e-01,-7.132648000000000113e-03,1.146928999999999874e-03,-1.032434999999999950e-02,7.040821999999999532e-03,-2.028649000000000077e-02,-6.301051999999999695e-03
-2.298317000000000068e-02,8.239996000000000542e-01,5.976852000000000276e-01,-7.464706999999999246e-03,7.289438999999999988e-04,-6.279785999999999875e-03,1.526811999999999961e-02,-3.679534999999999750e-02,-2.257127999999999847e-04
-2.123200000000000087e-02,8.338655999999999846e-01,5.890180000000000415e-01,-5.562533000000000581e-03,1.008685999999999958e-02,-1.428624000000000040e-02,2.677208000000000018e-02,-3.850321999999999772e-02,1.823146000000000098e-03
-2.051474000000000006e-02,8.377818999999999683e-01,5.800484999999999669e-01,-4.696541999999999731e-03,1.350477999999999922e-02,-2.260639999999999872e-02,2.845098999999999892e-02,-3.603365000000000040e-02,6.535848999999999825e-03
-1.925044999999999881e-02,8.378826000000000329e-01,5.831910000000000149e-01,-3.285762000000000231e-03,1.311677999999999976e-02,-1.882609999999999839e-02,2.749893999999999950e-02,-2.990129999999999871e-02,1.069314000000000028e-02
-1.841980000000000006e-02,8.377989000000000130e-01,5.829075000000000228e-01,-2.310896000000000217e-03,1.255417999999999985e-02,-1.848307999999999895e-02,3.549971999999999850e-02,-3.058430999999999997e-02,1.007164999999999970e-02
-1.871561000000000058e-02,8.372872000000000092e-01,5.813032000000000199e-01,-2.464847000000000045e-03,1.157322000000000038e-02,-1.947205000000000116e-02,4.295556999999999848e-02,-3.349478000000000177e-02,6.075439999999999660e-03
-1.733337999999999893e-02,8.425055000000000183e-01,5.857436000000000309e-01,-9.432164999999999300e-04,1.633180999999999869e-02,-1.442765000000000020e-02,5.021160999999999680e-02,-5.252057000000000253e-02,1.471462999999999894e-03
-1.788100000000000106e-02,8.466877000000000431e-01,5.852342999999999851e-01,-1.353999000000000045e-03,2.006374000000000005e-02,-1.434404000000000061e-02,4.961316000000000337e-02,-7.498897999999999675e-02,1.392975999999999980e-03
-1.815945000000000059e-02,8.489763999999999644e-01,5.748191000000000273e-01,-1.498289999999999995e-03,2.191115000000000076e-02,-2.417740999999999987e-02,3.700880000000000142e-02,-5.195626999999999884e-02,1.468073999999999985e-03
-1.742366000000000054e-02,8.477658999999999612e-01,5.666556000000000370e-01,-6.311373999999999587e-04,2.026791000000000009e-02,-3.176994000000000345e-02,3.182404999999999956e-02,-3.060287999999999897e-02,2.232412999999999932e-03
-2.063782000000000116e-02,8.405337999999999976e-01,5.726529999999999676e-01,-3.716797999999999890e-03,1.261122999999999932e-02,-2.521191999999999878e-02,3.691229000000000038e-02,-5.637307999999999902e-02,5.326085000000000368e-03
-2.052736000000000144e-02,8.364046000000000536e-01,5.799619000000000302e-01,-3.480749999999999903e-03,8.065134999999999318e-03,-1.735211000000000045e-02,5.104310000000000097e-02,-7.441051999999999389e-02,1.456306999999999914e-02
-1.532070999999999954e-02,8.384065000000000545e-01,5.768408000000000424e-01,1.848587999999999967e-03,9.657973000000000252e-03,-1.993168999999999844e-02,7.286845000000000128e-02,-6.575111000000000150e-02,2.954046000000000102e-02
-9.930924000000000695e-03,8.430381999999999598e-01,5.728588999999999487e-01,7.358041999999999534e-03,1.388847999999999992e-02,-2.338120000000000129e-02,8.710913000000000683e-02,-6.142115000000000075e-02,3.052285999999999888e-02
-6.286144000000000454e-03,8.419978000000000184e-01,5.686930999999999514e-01,1.111913999999999958e-02,1.245472000000000072e-02,-2.702339999999999950e-02,9.056203999999999643e-02,-5.636487999999999915e-02,2.415304999999999883e-02
-7.869115999999998917e-03,8.410790999999999684e-01,5.621810999999999892e-01,9.648614999999999275e-03,1.115027000000000032e-02,-3.302013000000000170e-02,8.434771000000000629e-02,-5.034551999999999777e-02,2.522036999999999890e-02
-1.065667000000000003e-02,8.470919999999999561e-01,5.589948999999999613e-01,6.969126999999999440e-03,1.678481999999999891e-02,-3.569848999999999939e-02,7.651304000000000438e-02,-5.659626000000000240e-02,1.992620999999999976e-02
-1.255331999999999976e-02,8.507154000000000105e-01,5.559821000000000346e-01,5.175757000000000448e-03,2.003718000000000166e-02,-3.821017000000000163e-02,7.686144999999999783e-02,-5.879826999999999970e-02,1.276997000000000028e-02
-1.088431999999999941e-02,8.552477000000000551e-01,5.515318999999999638e-01,6.942971999999999512e-03,2.420523000000000119e-02,-4.216488000000000180e-02,7.351489999999999414e-02,-5.643018999999999813e-02,1.628162999999999833e-02
-4.808210000000000262e-03,8.609607999999999706e-01,5.478022000000000169e-01,1.311196000000000063e-02,2.956024999999999972e-02,-4.540352999999999750e-02,6.413976000000000399e-02,-5.358958999999999945e-02,2.262944999999999887e-02
-1.328530000000000075e-03,8.661714999999999831e-01,5.439060000000000006e-01,1.667880000000000057e-02,3.441807000000000200e-02,-4.881188000000000193e-02,5.101814999999999822e-02,-3.180319000000000201e-02,2.452323000000000003e-02
3.125044000000000433e-03,8.706574999999999731e-01,5.430578000000000349e-01,2.121322000000000138e-02,3.855541999999999997e-02,-4.917418999999999957e-02,3.052751000000000076e-02,-3.376398000000000398e-04,1.575081000000000050e-02
1.182712000000000043e-03,8.687863999999999587e-01,5.446301000000000059e-01,1.934471999999999928e-02,3.633872999999999964e-02,-4.711670999999999915e-02,1.682051000000000032e-02,1.435453000000000076e-02,4.548861999999999871e-03
-7.188284999999999987e-03,8.683433999999999875e-01,5.467170999999999559e-01,1.103989000000000012e-02,3.555197999999999692e-02,-4.454390999999999906e-02,5.252970000000000035e-03,1.457715000000000052e-02,8.437055000000000596e-03
-3.847446999999999933e-03,8.644655999999999452e-01,5.482822000000000529e-01,1.443878000000000002e-02,3.133123000000000158e-02,-4.249146000000000173e-02,-1.025890999999999956e-02,2.161216999999999999e-02,1.271691999999999961e-02
-1.511465000000000031e-03,8.566293000000000379e-01,5.481869999999999798e-01,1.682439999999999977e-02,2.315207000000000029e-02,-4.209693999999999936e-02,-7.789713000000000193e-03,2.746130000000000099e-02,8.867863999999999608e-03
-3.101349000000000206e-03,8.585306999999999800e-01,5.489315999999999640e-01,1.527544999999999945e-02,2.471001000000000100e-02,-4.085959000000000119e-02,-6.073404000000000129e-03,2.254928999999999961e-02,1.347351999999999925e-02
1.892138999999999930e-03,8.624846999999999930e-01,5.450876000000000055e-01,2.030082999999999888e-02,2.831987000000000046e-02,-4.420716000000000229e-02,-1.798935999999999938e-02,2.529682000000000111e-02,1.537647999999999966e-02
1.755704999999999983e-03,8.667080999999999813e-01,5.365029999999999522e-01,2.018690000000000068e-02,3.219775999999999888e-02,-5.229110000000000008e-02,-1.884457999999999966e-02,3.316492000000000051e-02,8.290053000000000352e-03
4.286617999999999960e-04,8.715300999999999743e-01,5.306437999999999988e-01,1.887259000000000159e-02,3.667258999999999797e-02,-5.764464999999999867e-02,-2.712791000000000161e-02,5.081465999999999761e-02,5.582764999999999950e-03
-5.700708000000000511e-04,8.701461000000000334e-01,5.338560999999999446e-01,1.787648000000000015e-02,3.493910000000000071e-02,-5.392046999999999812e-02,-4.279816000000000176e-02,7.166607999999999312e-02,3.390217000000000057e-03
-7.059943000000000815e-03,8.657983999999999680e-01,5.506092999999999682e-01,1.137894000000000058e-02,3.023877000000000162e-02,-3.664846000000000076e-02,-4.250323999999999769e-02,5.086220999999999798e-02,3.740682999999999855e-03
-9.354950000000000765e-03,8.600904999999999800e-01,5.629345999999999517e-01,9.065988999999999992e-03,2.417464000000000071e-02,-2.379697999999999883e-02,-4.014357999999999815e-02,9.511468000000000353e-03,8.503581999999999114e-03
-6.463996999999999105e-03,8.550136999999999876e-01,5.571365000000000345e-01,1.192894000000000072e-02,1.873798000000000130e-02,-2.906181000000000042e-02,-2.966691000000000120e-02,-1.501562000000000122e-03,1.157377000000000059e-02
-8.489050999999999845e-04,8.482150000000000523e-01,5.469766999999999824e-01,1.750617999999999966e-02,1.157592999999999990e-02,-3.868183000000000038e-02,-7.953249000000000776e-03,1.478422000000000069e-02,1.259025000000000075e-02
3.067402999999999796e-03,8.415926999999999714e-01,5.442863999999999480e-01,2.137483999999999912e-02,4.587195999999999982e-03,-4.082594999999999974e-02,7.173616999999999320e-03,3.622125999999999818e-02,7.588175999999999428e-03
5.004993999999999806e-04,8.452496000000000453e-01,5.449047000000000196e-01,1.875038000000000052e-02,7.875260999999999720e-03,-3.965500000000000275e-02,1.143425999999999991e-02,3.894133999999999790e-02,-3.369374000000000067e-03
-3.991512000000000011e-03,8.528696999999999528e-01,5.423443000000000014e-01,1.419080999999999988e-02,1.512505999999999920e-02,-4.165624999999999883e-02,1.987599000000000050e-03,2.753339999999999954e-02,-1.520880999999999969e-02
-8.946745000000000739e-03,8.610212999999999894e-01,5.411042000000000352e-01,9.158081000000000207e-03,2.290526999999999841e-02,-4.233072999999999697e-02,-9.893030000000000573e-03,2.277134000000000102e-02,-1.422756000000000021e-02
-1.201668000000000007e-02,8.704861000000000404e-01,5.416710999999999609e-01,6.001040000000000020e-03,3.199773999999999674e-02,-4.119131999999999655e-02,-1.383793000000000002e-02,2.116755000000000025e-02,-2.424038999999999795e-03
-1.125285999999999995e-02,8.698631000000000002e-01,5.416976000000000013e-01,6.668654999999999895e-03,3.100121000000000127e-02,-4.058563999999999922e-02,-1.677680999999999964e-02,2.269478999999999941e-02,3.675289999999999894e-03
-5.722188000000000448e-03,8.633522000000000141e-01,5.413864000000000454e-01,1.209456000000000073e-02,2.411504999999999899e-02,-4.031076000000000104e-02,-2.347482999999999861e-02,3.283570999999999712e-02,1.425839999999999920e-02
9.865467000000000593e-04,8.610084000000000071e-01,5.385432999999999470e-01,1.869035999999999961e-02,2.139421999999999852e-02,-4.256087000000000065e-02,-3.153631999999999963e-02,5.342100000000000320e-02,1.854267999999999889e-02
-2.745149000000000113e-03,8.612024000000000346e-01,5.387958999999999943e-01,1.483772000000000042e-02,2.120912000000000144e-02,-4.170839999999999964e-02,-3.410886999999999947e-02,6.524839000000000333e-02,9.303379999999999983e-03
-1.117391000000000044e-02,8.668905999999999556e-01,5.461278999999999995e-01,6.280150999999999442e-03,2.651637000000000091e-02,-3.376973999999999948e-02,-2.928613000000000050e-02,3.735618999999999745e-02,8.676725999999999189e-03
-1.232842999999999960e-02,8.742269999999999763e-01,5.525792999999999955e-01,4.989320999999999687e-03,3.346978999999999926e-02,-2.670511999999999886e-02,-1.878018000000000048e-02,-8.861124999999999211e-03,3.339299999999999907e-03
-6.679348000000000750e-03,8.743391999999999831e-01,5.437754999999999672e-01,1.049514000000000002e-02,3.319666999999999757e-02,-3.488962999999999787e-02,-1.720945000000000114e-02,-2.693734999999999880e-02,2.826974000000000218e-04
2.430120999999999930e-03,8.651619999999999866e-01,5.328022999999999509e-01,1.945480999999999946e-02,2.363147999999999985e-02,-4.523782999999999971e-02,-4.465416999999999997e-02,1.854402999999999911e-03,1.614329999999999932e-02
2.946765999999999969e-03,8.521109999999999518e-01,5.415735000000000410e-01,1.981526999999999941e-02,1.018955000000000034e-02,-3.583614999999999717e-02,-6.977284999999999737e-02,4.451523000000000285e-02,2.711032000000000025e-02
-8.350167000000000353e-03,8.487040999999999613e-01,5.486231999999999775e-01,8.355780999999999625e-03,6.389309999999999608e-03,-2.815060000000000132e-02,-3.641297000000000283e-02,4.958963000000000260e-02,2.736028000000000071e-02
-1.536954999999999918e-02,8.475932000000000466e-01,5.517195999999999767e-01,1.167688000000000059e-03,4.883367999999999910e-03,-2.441348000000000129e-02,2.611925000000000011e-02,3.631345999999999880e-02,2.495100000000000096e-02
-1.219113999999999962e-02,8.386261999999999883e-01,5.631661000000000028e-01,4.171814000000000251e-03,-4.479549000000000204e-03,-1.232209000000000082e-02,6.032500999999999836e-02,3.135309000000000013e-02,2.864633000000000110e-02
-6.499856000000000036e-03,8.347609999999999753e-01,5.591741000000000072e-01,9.683904999999999597e-03,-8.740200999999999526e-03,-1.566624000000000141e-02,8.985982000000000691e-02,2.815414000000000111e-02,3.489691000000000320e-02
-3.729144000000000209e-03,8.340130000000000043e-01,5.466035999999999673e-01,1.227100000000000066e-02,-9.881923000000000790e-03,-2.758688000000000112e-02,1.162138000000000060e-01,4.253338999999999731e-02,3.819871999999999851e-02
-2.382916000000000005e-04,8.310781000000000418e-01,5.419766000000000306e-01,1.557408000000000056e-02,-1.320745000000000079e-02,-3.156296000000000102e-02,1.077449999999999936e-01,7.535276999999999947e-02,4.785877000000000187e-02
3.355877000000000165e-03,8.369085000000000552e-01,5.292094000000000520e-01,1.897642000000000079e-02,-7.763108000000000335e-03,-4.367842000000000252e-02,9.762281000000000430e-02,1.053662999999999961e-01,4.878350000000000047e-02
-2.681100999999999970e-03,8.539124000000000159e-01,5.185573999999999462e-01,1.274353999999999938e-02,8.860385000000000136e-03,-5.367775000000000324e-02,1.000960000000000044e-01,1.073730999999999991e-01,4.770917999999999687e-02
-1.127991000000000063e-02,8.707548999999999984e-01,5.310348999999999764e-01,3.944851000000000087e-03,2.532873000000000069e-02,-4.054608999999999991e-02,9.507321000000000522e-02,8.079936000000000063e-02,5.723555999999999783e-02
-1.266765000000000078e-02,8.734608000000000372e-01,5.434476999999999780e-01,2.353637000000000003e-03,2.766648000000000024e-02,-2.747741999999999893e-02,1.017861000000000044e-01,5.214012999999999981e-02,5.611758000000000024e-02
-1.397188000000000076e-02,8.705543000000000031e-01,5.302082000000000184e-01,8.429407000000000523e-04,2.439710999999999963e-02,-4.005916000000000338e-02,1.163257000000000041e-01,2.167923000000000072e-02,5.908585999999999699e-02
-1.469846999999999994e-02,8.745458999999999872e-01,5.201826000000000505e-01,-9.241913000000000634e-05,2.803036000000000069e-02,-4.942528999999999673e-02,1.096797000000000050e-01,8.871152999999999678e-03,7.372749000000000663e-02
-6.206390999999999471e-03,8.751185000000000214e-01,5.339795999999999987e-01,8.189247999999999666e-03,2.824861000000000039e-02,-3.496674999999999783e-02,1.071141000000000038e-01,2.854347000000000134e-02,7.593690000000000162e-02
5.642804000000000396e-03,8.798858999999999986e-01,5.398344000000000475e-01,1.982679999999999859e-02,3.266460999999999670e-02,-2.844847000000000001e-02,1.275856999999999963e-01,5.639628000000000002e-02,6.776086000000000609e-02
7.629699999999999677e-03,8.912493999999999694e-01,5.301770999999999567e-01,2.160079999999999986e-02,4.367900999999999728e-02,-3.744030999999999748e-02,1.508307000000000120e-01,9.218313999999999675e-02,6.075511000000000106e-02
4.430642000000000261e-03,8.895235000000000225e-01,5.147418999999999745e-01,1.818731000000000167e-02,4.160499000000000142e-02,-5.220821999999999963e-02,1.686429000000000122e-01,1.081353000000000036e-01,6.193188000000000165e-02
3.913304999999999735e-03,8.892906000000000422e-01,4.958118000000000247e-01,1.745367999999999920e-02,4.102379999999999916e-02,-7.046892999999999907e-02,1.681195000000000050e-01,8.338822999999999375e-02,6.354893999999999821e-02
-2.306045999999999964e-03,8.978192000000000395e-01,4.952896999999999994e-01,1.101599999999999975e-02,4.920263999999999888e-02,-7.031830999999999499e-02,1.627289000000000097e-01,5.454865999999999882e-02,5.786009000000000291e-02
-1.163147999999999960e-02,9.061924999999999564e-01,4.997914999999999996e-01,1.470273999999999930e-03,5.722345000000000209e-02,-6.513905000000000389e-02,1.708792000000000089e-01,2.031826000000000118e-02,6.017527999999999766e-02
-8.790561000000000555e-03,9.170726999999999629e-01,4.925835000000000075e-01,4.089304999999999676e-03,6.774682999999999400e-02,-7.166361000000000259e-02,1.703275999999999957e-01,-6.926324999999999669e-03,7.077572000000000030e-02
4.232923999999999888e-03,9.097598000000000074e-01,4.985913000000000150e-01,1.688974000000000031e-02,6.007090000000000346e-02,-6.496514000000000455e-02,1.666057999999999983e-01,1.202587999999999921e-02,7.462842999999999560e-02
1.382039000000000011e-02,8.962461999999999929e-01,5.104933999999999861e-01,2.625310999999999964e-02,4.618637999999999910e-02,-5.236422000000000299e-02,1.690882999999999969e-01,5.710540000000000060e-02,6.784273000000000386e-02
1.357495000000000056e-02,9.000909000000000271e-01,5.164170000000000149e-01,2.578217000000000009e-02,4.965114999999999806e-02,-4.573300999999999755e-02,1.908104999999999940e-01,1.033010000000000039e-01,5.993209000000000036e-02
4.638487000000000166e-03,8.949454999999999494e-01,5.131947999999999510e-01,1.661831999999999893e-02,4.411584000000000338e-02,-4.823869000000000073e-02,2.501391000000000031e-01,1.192103999999999941e-01,6.292915000000000314e-02
-8.525358999999999715e-03,8.839445999999999692e-01,4.865257000000000054e-01,3.224943000000000080e-03,3.271452999999999861e-02,-7.418262000000000467e-02,2.899823000000000262e-01,8.783274000000000636e-02,7.416493000000000391e-02
-1.772092999999999932e-02,8.824203000000000463e-01,4.648883999999999794e-01,-6.202033000000000892e-03,3.077925000000000105e-02,-9.508511999999999520e-02,2.720948999999999729e-01,5.092444000000000137e-02,8.419374999999999776e-02
-8.331769000000001021e-03,8.828409999999999869e-01,4.621661000000000241e-01,2.954552999999999954e-03,3.077852000000000018e-02,-9.706175000000000219e-02,2.428462000000000121e-01,1.451126999999999972e-02,8.066982000000000319e-02
1.308744000000000053e-02,8.853223000000000065e-01,4.548679999999999946e-01,2.414062000000000152e-02,3.282817999999999847e-02,-1.036009999999999986e-01,2.106224999999999903e-01,3.709080999999999923e-03,6.459025000000000183e-02
1.869933999999999832e-02,8.913811999999999847e-01,4.480520000000000058e-01,2.951882999999999938e-02,3.844568999999999764e-02,-1.096430999999999933e-01,1.511370999999999964e-01,3.133795999999999804e-02,4.225849000000000272e-02
1.206953000000000019e-02,9.239260000000000250e-01,4.411463999999999941e-01,2.265423999999999910e-02,7.053897000000000639e-02,-1.157572000000000045e-01,1.064631999999999939e-01,1.390158000000000019e-02,1.693953999999999946e-02
3.505358000000000085e-03,9.773150999999999922e-01,4.275629000000000235e-01,1.385367000000000022e-02,1.234654000000000029e-01,-1.285293999999999881e-01,8.899055999999999633e-02,-4.065967999999999666e-02,2.345001000000000030e-02
