9.989976000000000411e-01,6.711859000000000575e-02,1.582137000000000127e-01,-1.025580000000000068e-02,-3.718127999999999711e-02,2.005548999999999873e-02,-1.260726000000000069e-01,-4.781240999999999963e-02,-5.007078999999999697e-02
1.007176000000000071e+00,6.560381999999999325e-02,1.620230000000000004e-01,-2.084657000000000177e-03,-3.921907000000000171e-02,2.380948000000000092e-02,-1.276972000000000107e-01,-6.188827999999999691e-02,-5.625227000000000005e-02
1.012320999999999804e+00,6.564370999999999401e-02,1.622251000000000110e-01,3.055937000000000323e-03,-3.965347000000000316e-02,2.394765999999999909e-02,-1.180966999999999989e-01,-5.751901999999999709e-02,-5.005128999999999828e-02
1.012721999999999900e+00,6.377937000000000189e-02,1.622004999999999975e-01,3.454994000000000294e-03,-4.194359999999999755e-02,2.385019000000000028e-02,-1.079611000000000043e-01,-7.338069999999999315e-02,-3.834318999999999922e-02
1.016844999999999999e+00,6.102032999999999763e-02,1.590584999999999916e-01,7.578306999999999405e-03,-4.508013999999999771e-02,2.062601999999999838e-02,-9.114075000000000648e-02,-8.594503000000000559e-02,-3.789114999999999844e-02
1.019637999999999822e+00,6.283991999999999356e-02,1.463857000000000075e-01,1.037305999999999992e-02,-4.359003000000000183e-02,7.861612999999999934e-03,-7.141862999999999684e-02,-7.909544999999999770e-02,-3.337264000000000203e-02
1.020116999999999940e+00,6.212890000000000079e-02,1.345184000000000102e-01,1.085442999999999998e-02,-4.458279999999999882e-02,-4.106629000000000529e-03,-6.869693000000000327e-02,-7.705592999999999471e-02,-3.197110999999999703e-02
1.016265999999999892e+00,6.101361000000000284e-02,1.388378999999999863e-01,7.007399000000000093e-03,-4.593254000000000087e-02,1.034848999999999958e-04,-6.805674999999999919e-02,-7.892538999999999805e-02,-3.633010999999999879e-02
1.008620999999999990e+00,6.329627999999999644e-02,1.454051000000000093e-01,-6.350069999999999326e-04,-4.383747000000000338e-02,6.553658000000000400e-03,-6.667713000000000112e-02,-7.702786000000000355e-02,-2.281667999999999891e-02
1.006790000000000074e+00,6.200125000000000081e-02,1.406179999999999930e-01,-2.461747000000000241e-03,-4.527383000000000102e-02,1.642727000000000076e-03,-6.278527000000000413e-02,-7.361568999999999752e-02,-1.219824000000000082e-02
1.012354000000000198e+00,5.797167999999999766e-02,1.349525000000000030e-01,3.104955999999999862e-03,-4.939910000000000134e-02,-4.152776999999999857e-03,-5.810756999999999728e-02,-7.253208999999999351e-02,-2.174417000000000016e-02
1.016979000000000077e+00,5.079734000000000332e-02,1.288868999999999987e-01,7.733499999999999923e-03,-5.662405999999999689e-02,-1.035350999999999980e-02,-6.977603999999999751e-02,-6.776498999999999717e-02,-3.594454999999999872e-02
1.019886000000000070e+00,4.445564999999999933e-02,1.279260000000000119e-01,1.064292000000000016e-02,-6.297171000000000018e-02,-1.145387999999999962e-02,-7.591715999999999742e-02,-5.520444000000000045e-02,-4.267010999999999721e-02
1.016420000000000101e+00,4.688876000000000155e-02,1.367626999999999871e-01,7.179023999999999996e-03,-6.050007000000000301e-02,-2.759549999999999937e-03,-5.921619999999999662e-02,-4.447447999999999679e-02,-2.811871999999999983e-02
1.007954999999999934e+00,4.774986999999999981e-02,1.378547999999999996e-01,-1.285375999999999966e-03,-5.955615999999999688e-02,-1.811893999999999874e-03,-4.525020999999999904e-02,-4.060178999999999871e-02,-1.370645000000000023e-02
1.006607999999999947e+00,4.537138999999999756e-02,1.379479999999999873e-01,-2.632987999999999735e-03,-6.180787000000000087e-02,-1.864404999999999969e-03,-6.122762999999999817e-02,-4.670723000000000236e-02,-3.306478999999999668e-02
1.006106999999999863e+00,5.036345999999999878e-02,1.424177000000000082e-01,-3.136032999999999876e-03,-5.664548999999999973e-02,2.458749999999999998e-03,-9.576871000000000689e-02,-7.490663000000000182e-02,-6.088091999999999809e-02
1.007643999999999984e+00,5.431575999999999765e-02,1.374873000000000067e-01,-1.601817000000000171e-03,-5.247995999999999911e-02,-2.618517999999999801e-03,-1.121291999999999983e-01,-1.274543999999999955e-01,-6.493883000000000294e-02
1.014595000000000136e+00,4.881370000000000153e-02,1.307395000000000085e-01,5.345659000000000001e-03,-5.772668999999999717e-02,-9.512889000000000067e-03,-1.016292000000000029e-01,-1.474565999999999932e-01,-5.188651999999999848e-02
1.015390000000000015e+00,4.155020000000000241e-02,1.202137000000000067e-01,6.136710000000000081e-03,-6.469358999999999527e-02,-2.018442000000000153e-02,-8.292985999999999414e-02,-9.732656000000000640e-02,-4.300894000000000245e-02
1.014278000000000013e+00,3.825883000000000062e-02,1.119233000000000033e-01,5.019964000000000023e-03,-6.764776999999999596e-02,-2.861843000000000026e-02,-7.491375999999999591e-02,-4.129950000000000288e-02,-5.652614999999999723e-02
1.012224000000000013e+00,4.052880999999999845e-02,1.224955999999999962e-01,2.959288000000000023e-03,-6.500053000000000081e-02,-1.818625000000000103e-02,-7.147944000000000520e-02,-2.653679000000000107e-02,-7.334432000000000451e-02
1.009341999999999961e+00,4.765586000000000128e-02,1.310668999999999862e-01,7.003107999999999968e-05,-5.745669999999999944e-02,-9.750517999999999685e-03,-7.055986999999999676e-02,-4.685844000000000120e-02,-6.955008000000000024e-02
1.016059999999999963e+00,5.266934000000000199e-02,1.308568999999999982e-01,6.779330999999999552e-03,-5.198782999999999876e-02,-1.009054000000000027e-02,-8.050628999999999424e-02,-7.121336000000000332e-02,-6.194762999999999659e-02
1.023047999999999957e+00,5.198715000000000280e-02,1.336891000000000052e-01,1.375712999999999936e-02,-5.217717999999999662e-02,-7.382400999999999373e-03,-8.003480000000000316e-02,-6.712962999999999569e-02,-5.417069000000000051e-02
1.021217999999999959e+00,5.036424999999999930e-02,1.314811999999999925e-01,1.191504999999999995e-02,-5.327112999999999987e-02,-9.708081000000000349e-03,-7.039426000000000017e-02,-6.563001999999999725e-02,-4.497969000000000273e-02
1.020021999999999984e+00,5.002390999999999782e-02,1.238907000000000064e-01,1.070539000000000039e-02,-5.304775999999999936e-02,-1.740952999999999945e-02,-6.179819999999999758e-02,-7.830834999999999879e-02,-4.763128999999999974e-02
1.023282000000000025e+00,4.597044000000000130e-02,1.187481999999999982e-01,1.394872999999999946e-02,-5.650407000000000346e-02,-2.265574999999999881e-02,-5.610735000000000028e-02,-8.122390000000000165e-02,-5.070250999999999925e-02
1.023237000000000174e+00,4.003490999999999994e-02,1.171635000000000038e-01,1.388394000000000086e-02,-6.181019000000000096e-02,-2.433621999999999869e-02,-6.478277999999999814e-02,-7.737331000000000070e-02,-4.849355000000000332e-02
1.016591999999999940e+00,3.974197000000000146e-02,1.168986999999999943e-01,7.215615999999999350e-03,-6.144250999999999879e-02,-2.468787999999999885e-02,-6.322962999999999500e-02,-6.998849000000000042e-02,-4.587381000000000097e-02
1.007565000000000044e+00,4.161709999999999715e-02,1.125006000000000062e-01,-1.837620000000000095e-03,-5.887648999999999661e-02,-2.916302999999999951e-02,-4.363117999999999858e-02,-7.411489999999999745e-02,-4.163994000000000029e-02
1.004051999999999945e+00,4.019495000000000012e-02,1.025998999999999939e-01,-5.380519999999999747e-03,-5.957845999999999975e-02,-3.913020999999999860e-02,-2.520539999999999933e-02,-7.840655000000000541e-02,-4.560055999999999832e-02
1.013268000000000058e+00,3.375606999999999913e-02,9.426684999999999925e-02,3.802335000000000003e-03,-6.526885999999999799e-02,-4.751774000000000275e-02,-2.054355999999999891e-02,-5.729440000000000227e-02,-5.337938999999999878e-02
1.026408999999999905e+00,2.774195999999999954e-02,9.204511999999999416e-02,1.690712000000000118e-02,-7.050704000000000693e-02,-4.978060000000000124e-02,-3.221452999999999817e-02,-1.547533000000000068e-02,-6.180131999999999987e-02
1.029989999999999961e+00,3.527194000000000162e-02,9.946232000000000684e-02,2.044999000000000122e-02,-6.217439000000000299e-02,-4.238961000000000118e-02,-4.920665999999999929e-02,3.677358000000000016e-02,-8.851929000000000047e-02
1.020934999999999926e+00,4.758170999999999928e-02,1.133480000000000043e-01,1.135221999999999967e-02,-4.903603000000000128e-02,-2.851398000000000127e-02,-8.967158999999999547e-02,4.533141000000000254e-02,-1.135465999999999975e-01
1.009112999999999927e+00,5.193496999999999697e-02,1.176553000000000043e-01,-5.156040000000000189e-04,-4.382952999999999849e-02,-2.419986999999999833e-02,-1.172349000000000030e-01,5.484450000000000089e-03,-1.044151999999999997e-01
1.012148000000000048e+00,5.757488000000000189e-02,1.161564000000000069e-01,2.469612999999999843e-03,-3.731343000000000160e-02,-2.567474999999999966e-02,-9.438504000000000338e-02,-1.188031999999999977e-02,-8.686881000000000463e-02
1.024587000000000137e+00,6.071109999999999701e-02,1.143085999999999963e-01,1.485520000000000070e-02,-3.328002000000000044e-02,-2.748153000000000054e-02,-8.852585999999999788e-02,-8.119929999999999162e-03,-8.380149000000000625e-02
1.031007000000000007e+00,5.749313999999999814e-02,1.071550000000000002e-01,2.121806999999999860e-02,-3.558188999999999796e-02,-3.457683999999999758e-02,-1.012747999999999982e-01,-3.733772000000000219e-03,-8.145457000000000392e-02
1.026820000000000066e+00,6.143359999999999793e-02,1.092927000000000065e-01,1.697078999999999949e-02,-3.070855000000000112e-02,-3.236362999999999740e-02,-1.036085999999999951e-01,5.544343000000000188e-03,-7.726041000000000158e-02
1.015209000000000028e+00,6.700167999999999402e-02,1.153726000000000057e-01,5.293956999999999309e-03,-2.419291999999999970e-02,-2.619062999999999947e-02,-1.149331999999999993e-01,1.100109999999999977e-02,-6.418068000000000384e-02
1.010923000000000016e+00,6.656921999999999839e-02,1.155117999999999978e-01,9.379841999999999564e-04,-2.366537999999999975e-02,-2.594078999999999829e-02,-1.054720999999999992e-01,2.164712999999999967e-03,-4.723542000000000018e-02
1.012766000000000055e+00,6.548376999999999670e-02,1.187464000000000020e-01,2.706665999999999933e-03,-2.378063000000000052e-02,-2.257827999999999918e-02,-7.445324000000000386e-02,-1.995736999999999858e-02,-4.272800000000000209e-02
1.017839999999999856e+00,6.085807000000000022e-02,1.131907999999999942e-01,7.703365999999999686e-03,-2.742808000000000052e-02,-2.798901999999999987e-02,-5.871712999999999932e-02,-2.256564999999999960e-02,-3.492728999999999973e-02
1.028085000000000138e+00,5.203421999999999908e-02,1.029343000000000063e-01,1.786586000000000077e-02,-3.526751999999999665e-02,-3.808388000000000051e-02,-5.527081999999999828e-02,-1.082018000000000042e-02,-3.284172999999999953e-02
1.026836000000000082e+00,4.085442000000000240e-02,1.002254000000000062e-01,1.653125000000000080e-02,-4.545822000000000057e-02,-4.061436999999999686e-02,-5.673427999999999805e-02,-3.064433000000000087e-03,-4.725876999999999856e-02
1.018996999999999931e+00,3.495407999999999848e-02,9.699217999999999729e-02,8.602788999999999575e-03,-5.036576999999999721e-02,-4.365215000000000067e-02,-5.083350999999999842e-02,2.411852000000000093e-02,-4.936472000000000082e-02
1.013935999999999948e+00,4.229737000000000080e-02,9.664470000000000005e-02,3.448129000000000298e-03,-4.202663000000000232e-02,-4.378673000000000287e-02,-4.298975000000000019e-02,5.371208999999999706e-02,-4.383896999999999794e-02
1.008601999999999999e+00,4.647284000000000137e-02,9.824349999999999750e-02,-1.984160000000000004e-03,-3.685287999999999758e-02,-4.195722000000000340e-02,-5.771487000000000145e-02,6.775780000000000691e-02,-4.563173999999999703e-02
1.011190999999999951e+00,3.969131000000000048e-02,1.048065999999999998e-01,5.035671999999999718e-04,-4.263448000000000238e-02,-3.514537999999999690e-02,-7.932161999999999547e-02,7.359101999999999311e-02,-5.152186000000000266e-02
1.011757000000000017e+00,3.549719999999999959e-02,1.173769999999999952e-01,9.653319999999999523e-04,-4.582776999999999684e-02,-2.230824000000000001e-02,-8.831152000000000446e-02,7.187329000000000634e-02,-6.351152999999999660e-02
1.006102999999999970e+00,3.662797999999999748e-02,1.184701999999999977e-01,-4.795144999999999789e-03,-4.369582999999999801e-02,-2.093079999999999941e-02,-8.541295999999999611e-02,7.189773000000000691e-02,-7.119201999999999475e-02
1.005203000000000069e+00,4.149756000000000278e-02,1.186236999999999986e-01,-5.803875000000000006e-03,-3.782528999999999753e-02,-2.047643999999999853e-02,-7.428692000000000628e-02,6.527971999999999941e-02,-7.193328999999999696e-02
1.006618000000000013e+00,5.182889000000000246e-02,1.258594000000000102e-01,-4.498051999999999780e-03,-2.649386999999999923e-02,-1.292430999999999962e-02,-6.267918000000000101e-02,5.197236000000000217e-02,-7.448200000000000653e-02
1.013682999999999890e+00,6.250450999999999924e-02,1.261504999999999987e-01,2.456807999999999995e-03,-1.482006999999999942e-02,-1.230224000000000074e-02,-5.171444000000000041e-02,4.040408000000000194e-02,-7.190878000000000547e-02
1.022674000000000083e+00,6.581225000000000269e-02,1.273095999999999950e-01,1.133710999999999920e-02,-1.051757000000000039e-02,-1.079900999999999951e-02,-5.086153999999999675e-02,2.829562000000000049e-02,-5.824050000000000060e-02
1.022834000000000021e+00,6.718016999999999739e-02,1.296969000000000038e-01,1.138641999999999953e-02,-8.160060999999999704e-03,-8.055735999999999106e-03,-5.462457999999999897e-02,2.474581000000000003e-02,-4.517291999999999835e-02
1.018002999999999991e+00,7.510703999999999991e-02,1.253073000000000103e-01,6.443743000000000040e-03,7.493632000000000288e-04,-1.207874999999999921e-02,-4.961246999999999879e-02,2.191030999999999881e-02,-4.338372000000000062e-02
1.014422999999999853e+00,7.998333999999999999e-02,1.239514000000000032e-01,2.751780999999999585e-03,6.599141999999999682e-03,-1.305873999999999924e-02,-5.038547000000000164e-02,1.316114999999999993e-02,-4.512617000000000017e-02
1.011806999999999901e+00,7.488345000000000418e-02,1.233009999999999939e-01,2.416148999999999828e-05,2.461570000000000164e-03,-1.332497000000000022e-02,-5.017308999999999658e-02,5.400563000000000585e-03,-4.165034000000000097e-02
1.006728999999999985e+00,6.777539000000000480e-02,1.193391000000000035e-01,-5.166936999999999919e-03,-3.697320999999999941e-03,-1.689529999999999851e-02,-4.400230000000000113e-02,-8.061434000000001002e-03,-3.436613000000000168e-02
1.006518999999999942e+00,6.070195999999999925e-02,1.189410000000000051e-01,-5.488208999999999969e-03,-9.836341999999999655e-03,-1.689544000000000115e-02,-4.098525000000000085e-02,-1.833629000000000162e-02,-2.790694999999999981e-02
1.012609000000000092e+00,5.363539999999999974e-02,1.129532000000000036e-01,4.899753000000000181e-04,-1.598437000000000122e-02,-2.247943000000000163e-02,-2.851182000000000022e-02,-1.215080999999999974e-02,-2.829084000000000113e-02
1.012711000000000139e+00,5.115672000000000275e-02,1.009504999999999986e-01,4.817247000000000196e-04,-1.756113999999999939e-02,-3.407302999999999721e-02,-2.048093999999999956e-02,-1.869541999999999862e-04,-3.322271000000000252e-02
1.011576999999999948e+00,5.006754000000000066e-02,1.010241000000000056e-01,-7.607824000000000227e-04,-1.776546000000000028e-02,-3.358494000000000063e-02,-3.717592000000000119e-02,1.699134000000000061e-02,-3.412724999999999786e-02
1.013368000000000047e+00,4.897694999999999826e-02,1.094375999999999960e-01,9.234625999999999902e-04,-1.798852000000000090e-02,-2.475166000000000172e-02,-5.781358999999999804e-02,3.232637000000000010e-02,-3.461733000000000171e-02
1.012197000000000013e+00,5.071740999999999749e-02,1.191558000000000062e-01,-3.533249000000000025e-04,-1.539806999999999981e-02,-1.460836000000000079e-02,-5.748857000000000272e-02,1.556162999999999991e-02,-4.541645999999999878e-02
1.013133000000000061e+00,5.012677000000000105e-02,1.314916999999999891e-01,4.792001000000000268e-04,-1.515646000000000007e-02,-1.842614999999999921e-03,-5.204813999999999968e-02,-1.863665000000000113e-02,-6.295422000000000518e-02
1.017482999999999915e+00,4.998567999999999761e-02,1.302146999999999888e-01,4.728348000000000273e-03,-1.448321999999999977e-02,-2.686104999999999830e-03,-5.706201999999999802e-02,-3.017422000000000160e-02,-6.852576000000000500e-02
1.020370999999999917e+00,5.523727999999999971e-02,1.218115000000000031e-01,7.516300000000000064e-03,-8.435423000000000920e-03,-1.065334000000000073e-02,-4.549736000000000058e-02,-9.272388000000001199e-03,-5.747809000000000251e-02
1.019433000000000034e+00,6.109403000000000056e-02,1.244900000000000034e-01,6.481253000000000188e-03,-1.800912999999999906e-03,-7.537351999999999767e-03,-2.736741999999999994e-02,2.847850999999999855e-02,-4.818233000000000238e-02
1.013514999999999944e+00,6.611066000000000165e-02,1.213867000000000002e-01,4.670556999999999877e-04,3.974519999999999616e-03,-1.020264000000000067e-02,-3.017053000000000096e-02,3.949571000000000331e-02,-4.594166000000000222e-02
1.005892999999999926e+00,6.710415999999999603e-02,1.193246000000000029e-01,-7.249038000000000183e-03,5.707135000000000333e-03,-1.182686999999999974e-02,-4.191961999999999772e-02,1.426676999999999980e-02,-4.852574999999999944e-02
1.001895999999999898e+00,6.684444000000000496e-02,1.307284999999999975e-01,-1.133862000000000064e-02,6.166033000000000451e-03,1.395362000000000109e-05,-5.418843000000000271e-02,-1.626305000000000112e-02,-5.512900999999999913e-02
1.009698999999999902e+00,6.871048000000000433e-02,1.316989000000000076e-01,-3.624982000000000117e-03,8.729400999999999480e-03,1.419600000000000029e-03,-5.103871000000000102e-02,-3.446441000000000088e-02,-5.168143000000000042e-02
1.023319000000000090e+00,6.553654000000000424e-02,1.251171000000000089e-01,9.908003999999999770e-03,6.230773000000000214e-03,-4.729809000000000617e-03,-3.886872999999999717e-02,-2.274674999999999961e-02,-4.909361000000000280e-02
1.024442000000000075e+00,6.089172000000000334e-02,1.218744999999999967e-01,1.094698000000000025e-02,2.238645000000000045e-03,-7.543448999999999814e-03,-4.033657000000000215e-02,2.936610999999999562e-03,-5.804625000000000062e-02
1.016888000000000014e+00,5.718522999999999662e-02,1.184093999999999980e-01,3.311297999999999846e-03,-8.381142000000000062e-04,-1.058393000000000007e-02,-4.652428000000000119e-02,2.124741999999999950e-02,-6.075073000000000278e-02
1.011058000000000012e+00,5.490384000000000236e-02,1.169801000000000035e-01,-2.598717999999999861e-03,-2.512846000000000003e-03,-1.159317999999999980e-02,-5.563171000000000088e-02,3.562793000000000210e-02,-5.918931999999999666e-02
1.010199000000000069e+00,6.255389000000000088e-02,1.146030999999999994e-01,-3.535832000000000037e-03,5.720806999999999629e-03,-1.355492999999999976e-02,-5.624985999999999875e-02,3.495145999999999670e-02,-5.654433999999999849e-02
1.014803000000000122e+00,7.621785000000000365e-02,1.222464999999999941e-01,9.928235000000000532e-04,1.994521000000000141e-02,-5.501383000000000315e-03,-4.846307999999999866e-02,3.575475999999999654e-02,-4.941820999999999714e-02
1.014779000000000098e+00,8.488626000000000504e-02,1.373112999999999972e-01,8.954199999999999616e-04,2.915039000000000172e-02,9.968075999999999326e-03,-4.683100999999999930e-02,2.956707999999999906e-02,-3.578258000000000133e-02
1.008719000000000143e+00,8.222335000000000060e-02,1.416476999999999875e-01,-5.235232000000000253e-03,2.699963999999999836e-02,1.470300000000000079e-02,-3.245905999999999791e-02,-1.075239000000000056e-02,-1.698917000000000135e-02
1.004734000000000016e+00,7.622439999999999771e-02,1.428943000000000019e-01,-9.288268000000000565e-03,2.148730000000000084e-02,1.634060999999999847e-02,-2.313946000000000058e-02,-3.063006999999999883e-02,-1.390619000000000056e-02
1.010603000000000140e+00,7.667656000000000471e-02,1.345294999999999963e-01,-3.484727999999999871e-03,2.239976999999999940e-02,8.358109000000000718e-03,-3.953906000000000087e-02,-8.333410999999998903e-03,-1.685334000000000138e-02
1.023629000000000122e+00,7.709646000000000554e-02,1.145619999999999972e-01,9.478941999999998883e-03,2.325313999999999853e-02,-1.123658999999999943e-02,-4.830452999999999830e-02,9.761774000000000839e-03,-7.548253000000000427e-03
1.025938999999999934e+00,7.741976000000000413e-02,1.115560000000000024e-01,1.172927999999999991e-02,2.398265999999999940e-02,-1.387971999999999990e-02,-3.923648999999999887e-02,4.798512999999999910e-03,4.553962999999999956e-04
1.017845000000000111e+00,7.644805000000000350e-02,1.229457999999999940e-01,3.578987999999999961e-03,2.338958000000000009e-02,-2.136707999999999750e-03,-2.876201999999999925e-02,-1.228604999999999975e-02,4.774529999999999920e-03
1.011222999999999983e+00,7.157262999999999820e-02,1.271589999999999943e-01,-3.098080000000000018e-03,1.886497999999999994e-02,2.420092999999999897e-03,-2.622423999999999936e-02,-1.983446999999999988e-02,6.852958000000000140e-03
1.010340000000000016e+00,7.097834000000000088e-02,1.247243999999999992e-01,-4.033867000000000008e-03,1.859366000000000144e-02,3.193102999999999979e-04,-2.618320000000000022e-02,-9.256621999999999073e-03,8.939585999999999366e-03
1.013064999999999882e+00,7.048654999999999504e-02,1.220921999999999980e-01,-1.360346000000000125e-03,1.839713999999999933e-02,-1.989148000000000045e-03,-2.090772000000000116e-02,6.579195999999999829e-03,1.243257000000000043e-02
1.013992999999999922e+00,6.756998000000000171e-02,1.212769999999999959e-01,-4.807108999999999514e-04,1.574839000000000100e-02,-2.490630000000000187e-03,-1.516901000000000013e-02,4.843227000000000296e-03,1.299687000000000064e-02
1.017482999999999915e+00,6.701777000000000428e-02,1.199165999999999982e-01,2.963036999999999963e-03,1.543694999999999963e-02,-3.547472999999999772e-03,-1.232840999999999972e-02,1.502482000000000080e-03,1.847789999999999849e-02
1.018043999999999949e+00,7.027086000000000443e-02,1.168808000000000069e-01,3.479083000000000002e-03,1.890421000000000115e-02,-6.289803000000000061e-03,-1.398652000000000055e-02,2.072498999999999869e-02,2.559385999999999953e-02
1.015176000000000078e+00,8.027766999999999542e-02,1.149299000000000015e-01,5.697391000000000217e-04,2.909897999999999998e-02,-7.957113000000000033e-03,-1.229649000000000020e-02,2.729623999999999939e-02,3.238110999999999767e-02
1.019429000000000141e+00,8.615670000000000273e-02,1.154416000000000053e-01,4.781508000000000286e-03,3.513990000000000169e-02,-7.171413000000000613e-03,-5.921164999999999935e-03,1.047120999999999989e-02,4.085285999999999779e-02
1.019876000000000005e+00,8.004727999999999843e-02,1.171034999999999993e-01,5.190402999999999684e-03,2.916617999999999988e-02,-5.244778000000000287e-03,-6.046169000000000543e-03,-4.137224000000000110e-03,3.866523999999999656e-02
1.016821999999999893e+00,6.729482000000000519e-02,1.141290999999999972e-01,2.098828999999999972e-03,1.652324000000000154e-02,-7.963385999999999382e-03,-1.577127000000000043e-02,1.137973999999999930e-03,3.436535000000000284e-02
1.016872999999999916e+00,5.587563999999999725e-02,1.124261000000000010e-01,2.113224999999999826e-03,5.187858000000000053e-03,-9.419310000000000183e-03,-2.431931999999999844e-02,2.434810000000000099e-02,3.950591999999999993e-02
1.014858999999999956e+00,5.968996000000000024e-02,1.210732999999999948e-01,6.494766999999999272e-05,9.061203999999999786e-03,-5.333694999999999626e-04,-3.494099999999999984e-03,4.202459000000000056e-02,5.011667999999999679e-02
1.011867999999999990e+00,6.905372999999999373e-02,1.279115999999999864e-01,-2.960439000000000039e-03,1.846039000000000013e-02,6.535393000000000452e-03,2.244240999999999944e-02,5.092738000000000126e-02,6.188565000000000038e-02
1.007290000000000019e+00,6.786805999999999395e-02,1.262920999999999905e-01,-7.571343999999999817e-03,1.728744999999999934e-02,5.138122000000000175e-03,1.144739999999999994e-02,2.985890000000000072e-02,6.236387000000000180e-02
1.009751000000000065e+00,6.681170000000000164e-02,1.252917000000000058e-01,-5.141259000000000454e-03,1.622188999999999923e-02,4.351410999999999474e-03,2.537775000000000144e-04,-1.607153000000000054e-02,5.860496999999999929e-02
1.015378000000000114e+00,6.644466999999999735e-02,1.267687999999999870e-01,4.561200000000000172e-04,1.582447999999999841e-02,6.033316999999999847e-03,1.988260999999999848e-03,-3.323066999999999688e-02,6.051321999999999951e-02
1.011255000000000015e+00,6.213740999999999709e-02,1.244694999999999968e-01,-3.694837999999999768e-03,1.146647999999999938e-02,3.929881999999999993e-03,-3.180890999999999927e-03,-1.444436999999999978e-02,5.453100999999999782e-02
1.009983000000000075e+00,6.070513999999999771e-02,1.204594999999999971e-01,-4.992153000000000042e-03,9.964027999999999774e-03,1.067350000000000004e-04,-5.021602999999999484e-03,8.498112999999999848e-03,5.052129999999999815e-02
1.010485999999999995e+00,6.033539999999999737e-02,1.215180000000000010e-01,-4.513085999999999487e-03,9.505690000000000667e-03,1.342955999999999967e-03,-1.480978999999999976e-02,-3.918229000000000503e-03,5.514445999999999931e-02
1.009174999999999933e+00,5.811956000000000067e-02,1.253218000000000110e-01,-5.845615999999999660e-03,7.183926000000000200e-03,5.315508000000000038e-03,-2.273580999999999866e-02,-2.355553000000000161e-02,5.256621000000000210e-02
1.014118000000000075e+00,5.102886999999999701e-02,1.317446999999999924e-01,-9.224238999999999963e-04,-2.887311000000000044e-05,1.189807000000000017e-02,-5.894416999999999886e-03,-1.778634999999999938e-02,5.039820999999999884e-02
1.016006999999999882e+00,4.410830000000000306e-02,1.344847999999999877e-01,9.496888000000000205e-04,-7.086360999999999355e-03,1.478876999999999969e-02,6.824201999999999699e-03,-6.613710000000000075e-03,4.989849999999999841e-02
1.013119000000000103e+00,4.696763000000000327e-02,1.271933000000000091e-01,-1.953083999999999897e-03,-4.377197000000000206e-03,7.638208999999999971e-03,2.368878999999999950e-03,1.631791000000000144e-02,4.157352000000000269e-02
1.011025999999999980e+00,4.685434000000000127e-02,1.235585000000000017e-01,-4.058192999999999870e-03,-4.652271999999999831e-03,4.134622000000000124e-03,-7.287323000000000064e-03,5.041620000000000129e-03,3.190976000000000229e-02
1.010645000000000016e+00,4.219308000000000086e-02,1.277579000000000076e-01,-4.449999999999999963e-03,-9.485379999999999853e-03,8.455345999999999002e-03,-1.706743999999999969e-02,-2.545023000000000077e-02,2.207840999999999970e-02
1.012980999999999909e+00,4.301017000000000035e-02,1.304556000000000049e-01,-2.122126000000000220e-03,-8.848619999999999750e-03,1.126461999999999949e-02,-1.679249999999999840e-02,-1.492027999999999931e-02,1.081935000000000015e-02
1.014340000000000019e+00,4.261175999999999853e-02,1.282774999999999888e-01,-7.688880999999999407e-04,-9.434304000000000995e-03,9.188250999999999710e-03,-1.323669000000000061e-02,-2.016128000000000017e-02,-1.864154000000000028e-03
1.015711000000000030e+00,4.515766000000000224e-02,1.269692000000000043e-01,5.988760000000000307e-04,-7.081139000000000183e-03,7.971671999999999092e-03,-1.603786999999999921e-02,-2.739174999999999943e-02,-8.358100000000000251e-03
1.015759000000000079e+00,5.067904000000000159e-02,1.303093999999999919e-01,6.456367000000000182e-04,-1.756637999999999819e-03,1.139370999999999960e-02,-1.778855000000000020e-02,-2.613802000000000139e-02,-3.242505000000000127e-03
1.014491000000000032e+00,4.725213000000000330e-02,1.283648000000000011e-01,-6.215923999999999408e-04,-5.383464999999999605e-03,9.521079000000000001e-03,-1.562484999999999916e-02,-4.423632999999999732e-02,-2.029772000000000000e-03
1.016324999999999923e+00,4.208143000000000300e-02,1.162022000000000055e-01,1.214847000000000019e-03,-1.075610999999999928e-02,-2.579520999999999984e-03,-8.722245999999999472e-03,-2.924026999999999876e-02,-4.140775999999999658e-03
1.017943000000000042e+00,4.091717000000000271e-02,1.015622000000000053e-01,2.836088000000000064e-03,-1.212322000000000052e-02,-1.716683999999999918e-02,2.524436000000000128e-03,-6.641196000000001119e-04,-5.839753000000000478e-03
1.019881999999999955e+00,3.859777999999999820e-02,9.759515000000000551e-02,4.780738999999999995e-03,-1.464520000000000058e-02,-2.108965000000000145e-02,8.565079999999999222e-03,2.450601999999999989e-02,-1.551143999999999960e-02
1.020815999999999946e+00,3.695638999999999869e-02,1.005023000000000027e-01,5.721156999999999285e-03,-1.648766999999999941e-02,-1.814529000000000142e-02,3.168182000000000290e-03,5.445934000000000191e-02,-2.588404000000000052e-02
1.022172999999999998e+00,3.895044999999999757e-02,9.807543999999999984e-02,7.085046999999999699e-03,-1.469196000000000044e-02,-2.054055999999999937e-02,-1.760547000000000153e-02,6.275398999999999561e-02,-3.914129000000000219e-02
1.030234000000000094e+00,4.572579999999999700e-02,1.023948999999999970e-01,1.515351000000000024e-02,-8.111154000000000627e-03,-1.619386000000000089e-02,-3.875042000000000070e-02,7.522710999999999981e-02,-5.450237000000000137e-02
1.031655999999999906e+00,5.127170999999999812e-02,1.119181000000000065e-01,1.658234000000000097e-02,-2.755142999999999828e-03,-6.646611999999999659e-03,-2.269720999999999891e-02,7.160679999999999823e-02,-6.303045000000000175e-02
1.017207999999999890e+00,4.379036000000000040e-02,1.217493999999999937e-01,2.140219000000000062e-03,-1.042119000000000031e-02,3.206309000000000069e-03,-1.637124000000000001e-03,2.607879000000000100e-02,-7.795436999999999506e-02
9.976454999999999629e-01,3.304913000000000295e-02,1.393981999999999999e-01,-1.741784000000000041e-02,-2.134136999999999840e-02,2.087429000000000021e-02,-2.370562000000000016e-02,-3.210844000000000024e-03,-8.878735000000000099e-02
